32385
1 22
1 35
1 10
1 39
1 95
1 27
1 21
1 2237
1 4675
1 147
1 1180
1 818
1 1752
1 1400
1 2306
1 1034
1 70
1 1764
1 129
1 6428
1 6438
1 6437
1 1780
1 364
1 6974
1 7058
1 3643
1 1214
1 3663
1 298
1 1831
1 7257
1 458
1 767
1 542
1 8055
1 4791
1 366
1 1237
1 2598
1 8733
1 853
1 1497
1 1931
1 1932
1 1500
1 4167
1 1501
1 4180
1 4190
1 4215
1 1954
1 1969
1 966
1 4306
1 1530
1 130
1 10634
1 2933
1 4561
1 4602
1 1126
1 4647
1 791
1 2970
1 263
1 56
1 799
1 1140
1 92
1 728
1 730
1 88
1 3075
1 396
1 267
1 3099
1 285
1 525
1 28
1 392
1 173
1 109
1 217
1 146
1 4688
1 3191
1 155
1 1694
1 1693
1 4687
1 2223
1 1696
1 13655
1 5545
1 13691
1 3208
1 2857
1 5562
1 1370
1 13701
1 899
1 5567
1 1371
1 5535
1 3201
1 13712
1 5582
1 13720
1 5574
1 163
1 13741
1 499
1 1702
1 13742
1 5590
1 5599
1 5591
1 13750
1 13775
1 2231
1 13788
1 1373
1 2233
1 269
1 5622
1 5621
1 3223
1 1014
1 636
1 13770
1 3224
1 13853
1 13865
1 13861
1 5633
1 13874
1 3226
1 3232
1 13897
1 3233
1 682
1 1707
1 13908
1 3235
1 5658
1 1711
1 13920
1 1712
1 5664
1 5666
1 237
1 13954
1 13952
1 13957
1 13958
1 2239
1 571
1 5669
1 902
1 13971
1 13960
1 5679
1 1714
1 14014
1 14003
1 3246
1 14032
1 1381
1 5695
1 5697
1 4689
1 1171
1 1382
1 5703
1 14061
1 5713
1 14053
1 5715
1 1719
1 1717
1 2242
1 3251
1 3252
1 5721
1 3247
1 3254
1 903
1 14090
1 3257
1 14100
1 3255
1 1018
1 1720
1 1172
1 14124
1 3260
1 14138
1 14137
1 3264
1 3266
1 14153
1 14150
1 14145
1 5745
1 527
1 1385
1 5729
1 1387
1 14190
1 1015
1 1390
1 14203
1 14224
1 5780
1 2251
1 1723
1 1389
1 739
1 5793
1 11812
1 2254
1 5802
1 1391
1 309
1 297
1 14235
1 378
1 1017
1 5808
1 1724
1 361
1 14284
1 14293
1 2258
1 573
1 5827
1 14281
1 5837
1 5855
1 5854
1 14362
1 4692
1 5850
1 5856
1 4728
1 248
1 14389
1 3298
1 14421
1 5877
1 207
1 170
1 14502
1 2267
1 907
1 1394
1 14527
1 718
1 104
1 67
1 744
1 1026
1 14544
1 3315
1 2269
1 3300
1 3316
1 5889
1 253
1 1022
1 5942
1 5941
1 14634
1 5946
1 1740
1 5944
1 14657
1 59
1 14681
1 1028
1 819
1 3331
1 3329
1 2280
1 3335
1 5982
1 2279
1 14709
1 5985
1 5991
1 3338
1 5993
1 14715
1 5997
1 2282
1 2281
1 1178
1 14690
1 572
1 14262
1 14756
1 2283
1 11839
1 914
1 14742
1 11667
1 13974
1 13899
1 5629
1 6012
1 425
1 6014
1 6018
1 6027
1 14827
1 14826
1 6026
1 1746
1 1183
1 3345
1 3344
1 3350
1 2286
1 6035
1 14855
1 2287
1 2285
1 6037
1 3349
1 310
1 6046
1 3351
1 3353
1 6066
1 6052
1 14919
1 6059
1 6056
1 6076
1 3357
1 14960
1 14959
1 6083
1 1029
1 6084
1 3361
1 11671
1 2853
1 6086
1 531
1 6089
1 1748
1 6077
1 14984
1 14985
1 6038
1 2288
1 1745
1 6097
1 6104
1 14996
1 6107
1 6108
1 1750
1 3368
1 1185
1 15012
1 15020
1 6119
1 6125
1 6123
1 15055
1 15076
1 2299
1 3374
1 689
1 6122
1 6135
1 3373
1 15102
1 15097
1 820
1 1397
1 2301
1 6134
1 6145
1 15136
1 15135
1 3384
1 15154
1 6153
1 3386
1 15146
1 15127
1 15180
1 15190
1 15184
1 15182
1 15209
1 3389
1 3392
1 6184
1 6186
1 3394
1 15241
1 3396
1 3393
1 15194
1 918
1 15261
1 15262
1 15263
1 15257
1 3399
1 6193
1 6190
1 15280
1 3403
1 330
1 6166
1 231
1 200
1 15297
1 6213
1 15303
1 15326
1 748
1 6221
1 6219
1 3410
1 15373
1 2311
1 6225
1 6232
1 1402
1 15329
1 15380
1 3412
1 6237
1 15382
1 15402
1 2312
1 15392
1 15385
1 15415
1 6240
1 6235
1 15438
1 15425
1 15442
1 6258
1 1757
1 3420
1 1756
1 382
1 15473
1 3421
1 271
1 3411
1 639
1 15288
1 2296
1 3363
1 14777
1 185
1 6277
1 15487
1 3424
1 6280
1 15494
1 15512
1 15515
1 1399
1 6283
1 15492
1 15547
1 15558
1 3427
1 6310
1 6308
1 1563
1 1762
1 15672
1 3444
1 3449
1 3450
1 15708
1 6345
1 15712
1 6356
1 2334
1 690
1 6370
1 215
1 286
1 6319
1 15785
1 642
1 2339
1 15806
1 15808
1 15767
1 15818
1 6398
1 6386
1 15879
1 11677
1 15890
1 2345
1 15919
1 11923
1 6418
1 2348
1 1417
1 752
1 15809
1 15975
1 2351
1 15997
1 6446
1 3478
1 157
1 3483
1 3484
1 3480
1 2352
1 6466
1 3489
1 2354
1 2353
1 16067
1 6485
1 2357
1 6472
1 1196
1 2358
1 6494
1 16080
1 6498
1 220
1 16022
1 6499
1 2362
1 3498
1 582
1 16091
1 15522
1 16136
1 6513
1 16142
1 6512
1 16151
1 71
1 2363
1 6521
1 6522
1 16175
1 16179
1 3505
1 16189
1 6534
1 16207
1 16220
1 16210
1 2368
1 16229
1 6553
1 6554
1 6530
1 6564
1 824
1 2365
1 16244
1 2882
1 2058
1 6577
1 6580
1 6585
1 1039
1 16299
1 2371
1 16300
1 1425
1 16289
1 16276
1 1787
1 6601
1 16306
1 16355
1 6615
1 2377
1 16364
1 16354
1 6627
1 1789
1 405
1 1198
1 6623
1 254
1 2415
1 4762
1 6861
1 16738
1 40
1 272
1 3595
1 16762
1 6866
1 3596
1 6864
1 6870
1 3599
1 3597
1 16756
1 2376
1 16782
1 6882
1 6878
1 6888
1 16800
1 6883
1 3602
1 6871
1 3600
1 2418
1 16853
1 1208
1 1049
1 1804
1 343
1 6912
1 2424
1 6902
1 3607
1 16934
1 16932
1 6921
1 3610
1 6919
1 16855
1 3605
1 16969
1 6928
1 648
1 134
1 4764
1 1052
1 3611
1 16941
1 6955
1 17020
1 273
1 6959
1 17037
1 1438
1 17053
1 6967
1 6966
1 1807
1 6976
1 17083
1 6977
1 6989
1 1439
1 830
1 406
1 3620
1 6994
1 6993
1 17100
1 6999
1 6995
1 1810
1 17119
1 3613
1 6889
1 16239
1 344
1 17176
1 17200
1 2439
1 7027
1 17202
1 7029
1 7034
1 7033
1 17257
1 17227
1 7040
1 17268
1 7054
1 7059
1 17285
1 17309
1 3633
1 17323
1 2444
1 386
1 1053
1 7084
1 17220
1 7094
1 7103
1 7107
1 7100
1 7108
1 7112
1 17412
1 7111
1 12003
1 7110
1 1821
1 2447
1 17427
1 17415
1 2449
1 7130
1 7128
1 7121
1 17466
1 17475
1 12005
1 1820
1 17487
1 7139
1 7142
1 17532
1 3650
1 3651
1 17543
1 17547
1 650
1 17548
1 17535
1 3649
1 17483
1 7165
1 17585
1 2454
1 17589
1 17596
1 7172
1 17592
1 1824
1 2063
1 17708
1 762
1 1826
1 17739
1 3668
1 7229
1 17752
1 2458
1 1446
1 7241
1 1825
1 3654
1 7178
1 17773
1 832
1 17819
1 7251
1 17824
1 17916
1 3685
1 2465
1 17945
1 7303
1 873
1 7323
1 17999
1 17956
1 2469
1 3688
1 1448
1 2455
1 18053
1 653
1 18048
1 276
1 942
1 18075
1 12029
1 18082
1 7359
1 18111
1 7371
1 18104
1 764
1 7379
1 18115
1 18121
1 1058
1 4772
1 1814
1 16126
1 18134
1 7387
1 480
1 18131
1 3708
1 7397
1 1839
1 18159
1 3718
1 7411
1 18195
1 3721
1 18224
1 3717
1 1059
1 7436
1 7438
1 3726
1 7437
1 3727
1 18265
1 654
1 7439
1 7429
1 18269
1 7451
1 18290
1 7462
1 18297
1 2492
1 18313
1 2491
1 7471
1 18327
1 18270
1 2493
1 3738
1 7484
1 18358
1 18349
1 7486
1 3739
1 3740
1 2496
1 1845
1 2497
1 18443
1 1461
1 3751
1 944
1 1847
1 7520
1 18480
1 7532
1 18528
1 3758
1 18484
1 656
1 7554
1 1849
1 3761
1 2501
1 18568
1 3764
1 7571
1 18586
1 3766
1 7580
1 7582
1 18595
1 18593
1 1850
1 3771
1 30
1 18653
1 7605
1 7604
1 3768
1 18597
1 18557
1 18664
1 18681
1 3780
1 7624
1 7623
1 3777
1 3776
1 1224
1 18714
1 7633
1 7632
1 7608
1 7640
1 7643
1 7642
1 18739
1 18753
1 7634
1 7660
1 7654
1 7655
1 1063
1 250
1 18811
1 18758
1 223
1 18831
1 7687
1 7697
1 3786
1 18832
1 18855
1 7699
1 2511
1 7707
1 345
1 7706
1 1855
1 18896
1 7726
1 7723
1 7730
1 7725
1 7721
1 18900
1 1854
1 18856
1 7680
1 18968
1 18955
1 2512
1 18945
1 765
1 4702
1 19234
1 19378
1 1067
1 459
1 3857
1 19446
1 3866
1 19146
1 3870
1 8018
1 19519
1 365
1 8026
1 19571
1 3876
1 19558
1 19629
1 8046
1 8061
1 3892
1 4786
1 8072
1 2068
1 19746
1 954
1 8056
1 8050
1 19766
1 19808
1 19812
1 3907
1 8094
1 2895
1 19836
1 1233
1 462
1 3875
1 8107
1 1877
1 1478
1 2564
1 8126
1 8127
1 3914
1 19894
1 19927
1 3913
1 8153
1 19951
1 19963
1 19958
1 3915
1 3919
1 8166
1 3917
1 1479
1 12073
1 20011
1 589
1 8163
1 20036
1 2567
1 20065
1 20069
1 8193
1 20072
1 788
1 8202
1 2897
1 1882
1 8159
1 20129
1 2568
1 8217
1 3928
1 20140
1 20143
1 1884
1 8216
1 8236
1 3930
1 3929
1 8228
1 20100
1 20175
1 1570
1 20213
1 20201
1 8254
1 20218
1 8260
1 8249
1 8264
1 8266
1 4794
1 2570
1 20172
1 1880
1 7522
1 8272
1 20282
1 12082
1 20293
1 20343
1 3939
1 8285
1 20356
1 3943
1 8316
1 20380
1 3940
1 8320
1 8313
1 8299
1 2578
1 8330
1 20449
1 3945
1 20458
1 312
1 8340
1 543
1 845
1 20504
1 20509
1 12085
1 844
1 20427
1 4795
1 12090
1 20570
1 956
1 141
1 3961
1 1482
1 8384
1 20598
1 3962
1 20655
1 20681
1 2584
1 20660
1 8410
1 2587
1 8408
1 20642
1 20722
1 12092
1 20727
1 8431
1 8433
1 20731
1 20774
1 8421
1 591
1 21228
1 1485
1 21244
1 8458
1 12100
1 8420
1 1893
1 8613
1 21288
1 4021
1 21293
1 21309
1 1079
1 2609
1 2905
1 1902
1 511
1 8654
1 2906
1 313
1 2612
1 8674
1 21492
1 21611
1 8710
1 8724
1 1489
1 21676
1 1487
1 1909
1 21451
1 21730
1 1084
1 21774
1 4050
1 8735
1 2628
1 21795
1 21786
1 1492
1 8764
1 21832
1 8768
1 8766
1 21839
1 8779
1 2632
1 8778
1 8775
1 774
1 21850
1 21854
1 1493
1 21869
1 8789
1 21875
1 21883
1 1256
1 2631
1 8803
1 4673
1 8796
1 8419
1 8267
1 775
1 1918
1 4064
1 8808
1 2634
1 1494
1 8813
1 4067
1 8826
1 1085
1 4069
1 8832
1 1257
1 8805
1 8804
1 21901
1 8842
1 22011
1 22013
1 22023
1 22027
1 22035
1 8855
1 8865
1 8872
1 4079
1 22120
1 8878
1 22145
1 22149
1 4081
1 854
1 22142
1 1922
1 22155
1 22184
1 2640
1 8888
1 2638
1 4085
1 8897
1 8893
1 8892
1 12125
1 22207
1 22212
1 8900
1 8882
1 1921
1 7736
1 18337
1 1838
1 919
1 4092
1 22236
1 8913
1 22259
1 12126
1 4819
1 8920
1 1926
1 8926
1 22354
1 2654
1 22359
1 1089
1 389
1 8996
1 8978
1 124
1 4823
1 22541
1 22600
1 22621
1 4131
1 22704
1 4141
1 22703
1 9040
1 1937
1 4145
1 22768
1 22746
1 4147
1 2662
1 2641
1 9068
1 22799
1 4152
1 22801
1 9066
1 9083
1 9082
1 22824
1 4154
1 4155
1 9087
1 22843
1 9097
1 22867
1 4160
1 22886
1 4161
1 22890
1 2671
1 9107
1 22901
1 9113
1 1267
1 9106
1 1940
1 1939
1 22950
1 4826
1 1944
1 22957
1 9135
1 1942
1 961
1 9078
1 9147
1 9154
1 9155
1 9146
1 4166
1 23032
1 9162
1 23026
1 9158
1 23036
1 4169
1 9178
1 4174
1 2675
1 9172
1 9184
1 4828
1 4177
1 23144
1 473
1 9197
1 23099
1 9204
1 9209
1 4181
1 1315
1 23195
1 4182
1 1946
1 23217
1 710
1 4188
1 81
1 1947
1 9203
1 9241
1 9240
1 4189
1 9249
1 23314
1 4191
1 23298
1 9266
1 23317
1 9253
1 23331
1 2681
1 9272
1 23354
1 23338
1 9270
1 260
1 9287
1 9288
1 9286
1 23394
1 4200
1 9285
1 23413
1 1270
1 23431
1 1269
1 23455
1 23465
1 23450
1 9313
1 9311
1 9308
1 281
1 2074
1 9321
1 9318
1 9322
1 4207
1 2685
1 9143
1 23583
1 23654
1 9353
1 23662
1 779
1 2686
1 1092
1 23640
1 23667
1 9345
1 277
1 23536
1 23671
1 9357
1 2687
1 2688
1 9363
1 9366
1 9362
1 1953
1 23713
1 2910
1 1271
1 1948
1 9275
1 409
1 22973
1 9374
1 23765
1 4847
1 23796
1 12182
1 4228
1 23880
1 23767
1 9426
1 9427
1 9417
1 1509
1 2672
1 2699
1 4236
1 711
1 24023
1 24069
1 9467
1 4245
1 9458
1 4253
1 24167
1 24196
1 1272
1 2709
1 9542
1 9546
1 2714
1 24232
1 24411
1 24424
1 12202
1 24520
1 9600
1 24611
1 24619
1 1976
1 24703
1 24669
1 24806
1 9665
1 9678
1 24838
1 482
1 1519
1 9626
1 24608
1 24876
1 9684
1 24859
1 24877
1 596
1 712
1 12184
1 4216
1 4319
1 4320
1 2732
1 1275
1 9703
1 4322
1 24918
1 9697
1 24890
1 9709
1 4863
1 2733
1 24942
1 24944
1 9714
1 24946
1 2734
1 24998
1 9725
1 25003
1 24969
1 9711
1 597
1 9731
1 25035
1 663
1 9727
1 25010
1 4317
1 8901
1 9741
1 2736
1 25091
1 9755
1 25104
1 1982
1 25077
1 25120
1 25122
1 9764
1 4339
1 4336
1 1277
1 9756
1 4335
1 25051
1 25166
1 9782
1 9781
1 9789
1 1522
1 25163
1 25241
1 9798
1 25229
1 9793
1 25290
1 25279
1 2740
1 9814
1 25297
1 25330
1 25326
1 25335
1 9828
1 25319
1 1987
1 25336
1 9835
1 25362
1 9834
1 781
1 863
1 1580
1 1523
1 2742
1 1122
1 25902
1 25988
1 25964
1 10147
1 10150
1 26000
1 4401
1 26094
1 4880
1 288
1 26095
1 26140
1 10181
1 26173
1 26174
1 2924
1 26250
1 26239
1 26194
1 1529
1 26274
1 26462
1 26387
1 4881
1 26473
1 10266
1 26503
1 2009
1 26547
1 26588
1 26537
1 26599
1 10297
1 26536
1 26619
1 26634
1 4466
1 26615
1 26478
1 4435
1 2747
1 26692
1 26704
1 10330
1 10334
1 10338
1 4886
1 10331
1 26714
1 4471
1 26757
1 2926
1 10355
1 1581
1 12239
1 26777
1 2781
1 4473
1 10356
1 25246
1 26790
1 26789
1 4478
1 26816
1 10375
1 4476
1 4481
1 26819
1 10364
1 26795
1 26896
1 26929
1 26914
1 26890
1 10400
1 26994
1 4487
1 26982
1 27011
1 10413
1 26953
1 26931
1 27023
1 27089
1 27108
1 27097
1 27134
1 27126
1 27199
1 27179
1 169
1 27253
1 2785
1 10475
1 10482
1 10500
1 10491
1 27330
1 2014
1 10528
1 4892
1 10421
1 315
1 27659
1 27653
1 10537
1 10585
1 27754
1 4524
1 10613
1 10602
1 4530
1 27889
1 27886
1 28079
1 714
1 28283
1 10694
1 28300
1 28180
1 870
1 2089
1 12311
1 28428
1 28478
1 28582
1 28515
1 4903
1 28715
1 4564
1 28651
1 29131
1 10895
1 10915
1 29230
1 10918
1 2937
1 10934
1 10925
1 29409
1 29493
1 10924
1 2030
1 29587
1 29712
1 29588
1 2091
1 12347
1 30023
1 30027
1 11161
1 4628
1 372
1 29561
1 28735
1 4552
1 2016
1 11183
1 11182
1 30106
1 30112
1 30102
1 30128
1 11223
1 30199
1 11209
1 30133
1 30117
1 227
1 30227
1 11229
1 30260
1 97
1 11230
1 30296
1 30274
1 2839
1 11244
1 4636
1 30264
1 30359
1 30358
1 11250
1 30371
1 30390
1 30398
1 30373
1 2038
1 30370
1 11247
1 30326
1 2036
1 1113
1 11265
1 30204
1 30047
1 27014
1 30456
1 11275
1 11283
1 11281
1 30481
1 11272
1 30447
1 30499
1 30501
1 30618
1 30700
1 30857
1 30682
1 30630
1 30613
1 11402
1 31066
1 4645
1 31109
1 31250
1 2846
1 19
1 11460
1 31687
1 11546
1 4663
1 31771
1 31566
1 31832
1 11552
1 2099
1 12421
1 32120
1 4937
1 4939
1 1128
1 415
1 2954
1 4941
1 12431
1 4945
1 4938
1 210
1 32288
1 151
1 11747
1 441
1 12487
1 12513
1 12489
1 665
1 614
1 2960
1 1610
1 12526
1 176
1 11608
1 12426
1 11292
1 30521
1 2851
1 4995
1 1328
1 615
1 2986
1 12588
1 373
1 1612
1 5010
1 12597
1 994
1 793
1 1614
1 1329
1 726
1 302
1 5016
1 792
1 5008
1 317
1 12607
1 1133
1 1555
1 11285
1 26867
1 9791
1 2118
1 2117
1 794
1 1134
1 2123
1 12646
1 5033
1 12635
1 795
1 12626
1 1135
1 727
1 3002
1 416
1 5041
1 3010
1 284
1 12705
1 673
1 5072
1 5071
1 3019
1 2130
1 11654
1 418
1 5070
1 374
1 58
1 1333
1 5078
1 5077
1 5080
1 12767
1 3024
1 3026
1 5096
1 5092
1 977
1 5103
1 1336
1 5104
1 12781
1 3030
1 2139
1 5112
1 1639
1 2141
1 999
1 1640
1 2153
1 12896
1 2154
1 2155
1 495
1 2151
1 3050
1 1630
1 4323
1 3053
1 11781
1 12919
1 4721
1 12926
1 3061
1 11628
1 517
1 12945
1 3063
1 5176
1 5179
1 1647
1 12978
1 5196
1 131
1 114
1 1149
1 98
1 369
1 3091
1 111
1 1352
1 3098
1 3095
1 2178
1 5235
1 449
1 36
1 1666
1 69
1 161
1 13169
1 5249
1 3106
1 1353
1 398
1 628
1 5260
1 11661
1 13232
1 1670
1 4686
1 13245
1 897
1 257
1 5299
1 5295
1 3113
1 11662
1 1674
1 85
1 3116
1 5302
1 214
1 37
1 11663
1 268
1 34
1 3162
1 633
1 197
1 5185
1 3193
1 3195
1 5534
1 1708
1 100
1 13627
1 5515
1 320
1 296
1 5684
1 737
1 1715
1 684
1 5727
1 685
1 8
1 167
1 112
1 75
1 1737
1 1743
1 1552
1 688
1 424
1 139
1 1184
1 3362
1 917
1 11851
1 916
1 6045
1 363
1 120
1 20
1 740
1 360
1 1713
1 206
1 1753
1 381
1 2307
1 6156
1 6206
1 6253
1 3404
1 1188
1 6269
1 238
1 6284
1 1758
1 1189
1 15497
1 3435
1 692
1 1770
1 1767
1 1779
1 1760
1 16159
1 4696
1 753
1 1422
1 6562
1 755
1 1424
1 2373
1 174
1 436
1 1788
1 6525
1 3492
1 351
1 1803
1 16877
1 221
1 17008
1 311
1 3434
1 15151
1 17262
1 4768
1 7077
1 216
1 17378
1 1055
1 17640
1 7218
1 3656
1 2065
1 3701
1 158
1 125
1 1057
1 7380
1 7363
1 84
1 456
1 1460
1 1843
1 259
1 1222
1 3724
1 3745
1 481
1 208
1 18608
1 4776
1 657
1 1463
1 7566
1 1853
1 86
1 554
1 7676
1 875
1 8095
1 3890
1 8130
1 2069
1 700
1 2563
1 461
1 333
1 4793
1 2571
1 1888
1 8397
1 8333
1 12120
1 4048
1 50
1 3933
1 709
1 8780
1 21915
1 22225
1 388
1 22775
1 9072
1 465
1 22833
1 22827
1 960
1 1259
1 21882
1 1090
1 348
1 80
1 23245
1 23384
1 280
1 4192
1 9191
1 145
1 1917
1 19982
1 18147
1 7090
1 4209
1 9369
1 96
1 983
1 159
1 862
1 4240
1 6
1 103
1 9800
1 225
1 26527
1 26685
1 2011
1 945
1 4510
1 1533
1 60
1 2931
1 10751
1 785
1 5879
1 29287
1 784
1 516
1 4455
1 2921
1 25169
1 22
1 30126
1 11199
1 165
1 106
1 1545
1 30103
1 593
1 32287
1 670
1 2101
1 989
1 4971
1 491
1 61
1 2111
1 1131
1 2108
1 1330
1 177
1 1618
1 39
1 3004
1 264
1 445
1 417
1 444
1 1627
1 12653
1 256
1 3
1 5017
1 885
1 303
1 12761
1 304
1 5156
1 494
1 729
1 72
1 1141
1 150
1 1345
1 3054
1 337
1 496
1 105
1 110
1 419
1 154
1 13081
1 228
1 1144
1 1668
1 1152
1 53
1 307
1 33
1 420
1 136
1 395
1 211
1 11610
1 9327
1 7017
2 35
2 10
2 18
2 27
2 5
2 21
2 3191
2 5592
2 3224
2 3226
2 3292
2 1731
2 5827
2 3306
2 6155
2 2304
2 129
2 2327
2 1417
2 6521
2 370
2 7059
2 7078
2 2444
2 7103
2 7110
2 3653
2 3667
2 7226
2 7241
2 7252
2 1842
2 5629
2 1847
2 7526
2 2511
2 767
2 2538
2 8004
2 3876
2 8101
2 3929
2 3945
2 8432
2 8634
2 8898
2 545
2 1500
2 22857
2 2673
2 1501
2 4169
2 9275
2 9286
2 720
2 1505
2 2672
2 9558
2 9593
2 9779
2 4343
2 9813
2 10143
2 4476
2 10435
2 10475
2 10529
2 10582
2 4524
2 10889
2 2933
2 11230
2 2839
2 11295
2 11395
2 4655
2 11543
2 1297
2 2036
2 725
2 3009
2 5222
2 1352
2 525
2 5506
2 3192
2 2218
2 4688
2 13622
2 13632
2 3202
2 900
2 3205
2 13682
2 2219
2 402
2 163
2 813
2 13603
2 1703
2 1169
2 2230
2 13795
2 3216
2 13779
2 13752
2 13807
2 13840
2 5624
2 3220
2 5616
2 5635
2 13868
2 13811
2 13799
2 1704
2 3231
2 5648
2 3238
2 13910
2 5660
2 2236
2 13947
2 2239
2 13950
2 13975
2 13983
2 13973
2 13970
2 902
2 5661
2 13992
2 3242
2 13988
2 14004
2 13985
2 3227
2 1171
2 14028
2 14010
2 14041
2 2241
2 3248
2 5704
2 14069
2 14062
2 14083
2 5726
2 14097
2 5735
2 14091
2 14070
2 14129
2 14136
2 3266
2 14151
2 14133
2 14171
2 2868
2 14176
2 14192
2 3258
2 5760
2 14121
2 3271
2 14221
2 5795
2 11811
2 309
2 3276
2 1019
2 5813
2 1724
2 14287
2 1726
2 3284
2 2259
2 5834
2 1174
2 14320
2 3289
2 14367
2 14350
2 5831
2 14274
2 2256
2 742
2 14477
2 553
2 14491
2 14496
2 14500
2 14480
2 575
2 14257
2 1734
2 3316
2 14575
2 14570
2 14556
2 687
2 14685
2 3332
2 11824
2 5810
2 14244
2 5981
2 14726
2 3337
2 14727
2 14694
2 2281
2 14751
2 14737
2 14731
2 14214
2 14766
2 11841
2 1741
2 14789
2 914
2 14042
2 6022
2 6016
2 14814
2 6034
2 2287
2 14841
2 14886
2 3351
2 14899
2 1396
2 14896
2 6063
2 14904
2 90
2 14913
2 6081
2 2853
2 14973
2 3366
2 15010
2 14997
2 14962
2 1751
2 6122
2 820
2 15061
2 6115
2 6042
2 15162
2 6159
2 11861
2 1186
2 6162
2 6160
2 6169
2 15202
2 6203
2 15264
2 6195
2 15238
2 15183
2 2309
2 6213
2 15316
2 15283
2 330
2 15130
2 3382
2 5700
2 6227
2 15355
2 15406
2 15419
2 1756
2 6261
2 3420
2 6259
2 15491
2 6264
2 15434
2 15378
2 15513
2 15562
2 15593
2 15578
2 3433
2 15607
2 15596
2 1761
2 15537
2 15620
2 15631
2 1762
2 15608
2 15699
2 15717
2 6367
2 6346
2 2336
2 15760
2 11676
2 15798
2 1413
2 3469
2 535
2 15665
2 15863
2 2345
2 6416
2 15906
2 580
2 3472
2 11921
2 3475
2 15913
2 15861
2 1764
2 15525
2 6431
2 11925
2 15985
2 15994
2 16001
2 6459
2 16016
2 16031
2 15996
2 11928
2 15496
2 6475
2 16044
2 3490
2 16056
2 1780
2 6490
2 582
2 16084
2 16051
2 16135
2 6520
2 426
2 454
2 16171
2 3507
2 6541
2 1423
2 16215
2 16197
2 16230
2 16228
2 16245
2 16234
2 16223
2 6526
2 11945
2 1039
2 16286
2 16324
2 4753
2 6614
2 16357
2 6622
2 16358
2 16384
2 16375
2 3529
2 16370
2 16350
2 6603
2 1786
2 272
2 2883
2 16755
2 16735
2 16763
2 3595
2 16777
2 16771
2 6884
2 16834
2 16822
2 16846
2 16848
2 16799
2 16789
2 16761
2 16889
2 3610
2 6922
2 6917
2 2423
2 16955
2 134
2 16996
2 6955
2 2431
2 17003
2 16990
2 16945
2 16849
2 17035
2 17077
2 17081
2 1814
2 17091
2 6991
2 6964
2 406
2 1305
2 3489
2 15337
2 17166
2 1815
2 17170
2 17190
2 17179
2 17175
2 17198
2 17155
2 17207
2 17251
2 1817
2 32331
2 17289
2 17306
2 17338
2 17317
2 3637
2 7055
2 17367
2 17377
2 32373
2 3643
2 17399
2 17395
2 17370
2 17260
2 17443
2 17446
2 17470
2 17450
2 17479
2 17471
2 17445
2 3647
2 7147
2 3646
2 17509
2 1213
2 7153
2 17526
2 17490
2 3650
2 17534
2 17533
2 7166
2 17561
2 17584
2 17544
2 17531
2 7176
2 17624
2 1214
2 7189
2 3658
2 7212
2 1215
2 1056
2 17718
2 7240
2 3673
2 17800
2 17803
2 17820
2 17784
2 1833
2 17887
2 7285
2 3674
2 7204
2 17608
2 17600
2 17922
2 17958
2 1217
2 17973
2 3696
2 17949
2 18050
2 12028
2 3706
2 18080
2 18093
2 18063
2 18105
2 18099
2 607
2 18142
2 18136
2 18160
2 1838
2 3718
2 18230
2 18187
2 18119
2 7369
2 7121
2 7441
2 7449
2 2481
2 3729
2 2488
2 18303
2 18304
2 18301
2 7453
2 18342
2 18335
2 7481
2 18353
2 18404
2 3741
2 18419
2 18414
2 18375
2 7465
2 18426
2 429
2 1064
2 3751
2 18451
2 7534
2 18479
2 7539
2 18506
2 18505
2 18538
2 7561
2 1849
2 18574
2 18570
2 655
2 18596
2 1065
2 18602
2 3767
2 7583
2 18540
2 18521
2 3769
2 12040
2 7607
2 18670
2 18648
2 18643
2 18635
2 2505
2 1851
2 18504
2 18421
2 7625
2 18707
2 18721
2 7636
2 18719
2 7638
2 7627
2 7655
2 18763
2 18757
2 18749
2 7665
2 2510
2 18794
2 250
2 3782
2 18733
2 18822
2 18820
2 18806
2 18825
2 7704
2 18864
2 18920
2 18923
2 18918
2 18909
2 18892
2 2513
2 19369
2 19413
2 3858
2 7997
2 8006
2 19455
2 786
2 8019
2 19569
2 19500
2 8037
2 8056
2 102
2 7745
2 18850
2 3894
2 8091
2 699
2 19822
2 8100
2 19840
2 19834
2 19868
2 3911
2 1881
2 19863
2 19919
2 19908
2 3916
2 8156
2 8147
2 19921
2 3914
2 8162
2 19972
2 8172
2 11636
2 20026
2 20024
2 19993
2 1877
2 20030
2 20051
2 20063
2 8183
2 19851
2 8215
2 20113
2 20101
2 20131
2 20163
2 8225
2 20145
2 20167
2 20166
2 20115
2 20196
2 2899
2 20217
2 2569
2 20089
2 20264
2 2570
2 20289
2 20297
2 20296
2 20311
2 2574
2 20335
2 20368
2 20294
2 20285
2 8200
2 1875
2 18824
2 8302
2 8301
2 8319
2 3941
2 1236
2 20402
2 8321
2 20424
2 8332
2 20407
2 8325
2 20371
2 8328
2 3948
2 20437
2 20486
2 20491
2 20484
2 20492
2 20513
2 20508
2 20529
2 20542
2 8353
2 2582
2 8362
2 20579
2 20572
2 20564
2 20547
2 20543
2 20591
2 3958
2 8374
2 20608
2 20615
2 20634
2 3959
2 20645
2 1892
2 20641
2 20650
2 20622
2 12094
2 8373
2 20495
2 20425
2 8400
2 20661
2 8405
2 20664
2 20690
2 20687
2 20676
2 20694
2 20672
2 20709
2 8413
2 2589
2 8425
2 8426
2 20739
2 20715
2 20746
2 20747
2 3972
2 2596
2 4021
2 4019
2 21298
2 21280
2 21231
2 21327
2 1901
2 21363
2 4027
2 8665
2 8654
2 21387
2 21500
2 21507
2 21517
2 21530
2 959
2 2610
2 21564
2 4816
2 21567
2 8704
2 21623
2 1083
2 8693
2 4049
2 21735
2 21740
2 21720
2 168
2 20749
2 8753
2 21754
2 21752
2 2586
2 1492
2 8763
2 21812
2 21807
2 21806
2 8768
2 21800
2 21799
2 21827
2 21840
2 21836
2 21863
2 21867
2 21874
2 8792
2 21877
2 21914
2 4061
2 8780
2 21841
2 4067
2 21951
2 21943
2 21930
2 21954
2 21996
2 21990
2 8819
2 2631
2 1495
2 4073
2 4072
2 8840
2 22080
2 1574
2 8858
2 22126
2 21999
2 22137
2 22140
2 22131
2 22144
2 8882
2 22150
2 22162
2 22156
2 22130
2 20698
2 4084
2 22187
2 4090
2 22213
2 4091
2 4080
2 22292
2 22262
2 4108
2 22369
2 4102
2 1262
2 22405
2 22449
2 856
2 22466
2 22485
2 4120
2 8958
2 22408
2 22544
2 22588
2 22596
2 2666
2 22670
2 9037
2 22702
2 22706
2 9057
2 22764
2 9056
2 22701
2 4140
2 8993
2 1938
2 22811
2 9077
2 22804
2 22828
2 22880
2 22879
2 961
2 22777
2 22885
2 22909
2 22908
2 22907
2 22906
2 22905
2 22904
2 22903
2 22916
2 9114
2 9125
2 9123
2 22975
2 22882
2 8945
2 22214
2 8886
2 3963
2 7615
2 23008
2 23010
2 22992
2 2674
2 22988
2 9163
2 9160
2 9168
2 23050
2 23051
2 4171
2 2071
2 4173
2 23067
2 23054
2 9154
2 9200
2 23120
2 23118
2 4177
2 23145
2 9204
2 23152
2 4178
2 4179
2 23138
2 23130
2 23100
2 9214
2 1315
2 23183
2 23181
2 2679
2 23184
2 23204
2 23207
2 9220
2 23214
2 9232
2 23246
2 23275
2 23292
2 23268
2 9242
2 23248
2 23235
2 23345
2 23336
2 9278
2 260
2 9273
2 23330
2 9267
2 23210
2 23376
2 23372
2 9213
2 22985
2 23417
2 1269
2 4201
2 9294
2 2683
2 23428
2 23454
2 23473
2 2684
2 23470
2 4838
2 23498
2 23483
2 23474
2 23457
2 9318
2 23524
2 23521
2 1271
2 23527
2 9320
2 23559
2 23577
2 1950
2 9338
2 9335
2 23568
2 9326
2 23632
2 1943
2 9346
2 23621
2 23672
2 2687
2 779
2 23719
2 9371
2 23741
2 1955
2 23764
2 23782
2 9393
2 4225
2 4228
2 1506
2 23742
2 23731
2 23921
2 4229
2 23878
2 23948
2 23945
2 2702
2 23992
2 1510
2 24228
2 24209
2 24201
2 24251
2 9535
2 1316
2 4269
2 24295
2 24284
2 9548
2 9552
2 24340
2 24316
2 2712
2 24382
2 24397
2 4282
2 24391
2 24472
2 24486
2 24651
2 24636
2 24617
2 9641
2 24661
2 24477
2 24373
2 24255
2 9656
2 9649
2 24773
2 4307
2 24833
2 24841
2 24834
2 24860
2 24775
2 24871
2 24869
2 9686
2 24886
2 24881
2 2856
2 9699
2 1275
2 24896
2 9368
2 24921
2 9704
2 24928
2 9705
2 2732
2 23638
2 597
2 24949
2 24938
2 24960
2 24957
2 24956
2 24965
2 24967
2 24983
2 9702
2 24964
2 25002
2 4328
2 24997
2 9730
2 9740
2 9734
2 9747
2 25074
2 25059
2 25086
2 25081
2 25087
2 25093
2 25105
2 25124
2 2737
2 4334
2 1982
2 25019
2 25138
2 4326
2 24930
2 23426
2 9767
2 25152
2 4342
2 4341
2 9793
2 9786
2 25222
2 25153
2 25228
2 25224
2 4349
2 9815
2 9823
2 25314
2 25317
2 25345
2 1990
2 4369
2 2742
2 25454
2 1523
2 9831
2 25309
2 9796
2 12247
2 25580
2 12253
2 2919
2 4873
2 713
2 25943
2 25969
2 26003
2 10132
2 10124
2 26050
2 2766
2 26067
2 10155
2 26100
2 26086
2 4429
2 26126
2 26166
2 26193
2 26198
2 26272
2 26227
2 26219
2 26211
2 26207
2 26195
2 26363
2 26357
2 10190
2 4447
2 10233
2 2008
2 26287
2 26068
2 26491
2 4457
2 10283
2 26522
2 1283
2 26498
2 4451
2 26565
2 10295
2 10290
2 26563
2 26587
2 26589
2 26609
2 26632
2 26630
2 4465
2 26604
2 26583
2 26657
2 26666
2 26665
2 26690
2 26669
2 26648
2 26582
2 10285
2 1582
2 10334
2 26715
2 10337
2 26737
2 1531
2 26696
2 10372
2 26813
2 26818
2 10374
2 26814
2 26812
2 26782
2 26821
2 26846
2 26823
2 26850
2 4484
2 26863
2 26861
2 26877
2 26886
2 26879
2 26895
2 10389
2 26847
2 26901
2 26905
2 26927
2 26946
2 26957
2 10410
2 26993
2 26954
2 27004
2 27021
2 27000
2 27091
2 10462
2 27311
2 27235
2 10493
2 10451
2 27358
2 10498
2 27380
2 27406
2 27434
2 27439
2 12300
2 27510
2 27498
2 27425
2 27359
2 27530
2 27592
2 27641
2 27652
2 987
2 10556
2 27346
2 27722
2 27725
2 27737
2 27759
2 10593
2 27821
2 10611
2 1589
2 27898
2 27897
2 27912
2 4535
2 27924
2 27975
2 27986
2 28008
2 10636
2 2806
2 28057
2 28076
2 28083
2 28063
2 28130
2 28118
2 28210
2 10696
2 10713
2 28262
2 28312
2 10720
2 715
2 28330
2 28315
2 28204
2 27868
2 28377
2 28390
2 10732
2 28401
2 10762
2 28427
2 10772
2 28530
2 28512
2 28399
2 28640
2 10796
2 28672
2 28665
2 10781
2 28804
2 28872
2 28849
2 28833
2 10870
2 28999
2 28874
2 29069
2 29065
2 29090
2 29116
2 29123
2 29311
2 29278
2 2936
2 29492
2 29430
2 29523
2 29322
2 4593
2 29277
2 29162
2 29093
2 29010
2 28754
2 28679
2 29559
2 2825
2 29583
2 29616
2 11045
2 12346
2 10984
2 12317
2 27719
2 29984
2 4631
2 30033
2 30022
2 30035
2 29996
2 29989
2 27026
2 26898
2 30042
2 30041
2 30064
2 11193
2 30061
2 30097
2 30093
2 30087
2 30083
2 30054
2 30108
2 30124
2 30130
2 30116
2 30151
2 30155
2 30138
2 11217
2 30158
2 11222
2 30169
2 30184
2 30183
2 11213
2 11198
2 30230
2 30219
2 30246
2 30212
2 30193
2 30255
2 30309
2 11240
2 30311
2 30266
2 30247
2 30037
2 30323
2 30330
2 30363
2 30347
2 30334
2 11255
2 11256
2 30369
2 30404
2 30421
2 30430
2 30426
2 30412
2 11174
2 11267
2 30396
2 30453
2 30460
2 30458
2 30452
2 30448
2 30473
2 11277
2 30487
2 30480
2 30498
2 30494
2 30505
2 30534
2 30504
2 30477
2 30463
2 30374
2 30557
2 30601
2 30752
2 30783
2 30715
2 30699
2 30950
2 31021
2 11407
2 30970
2 31059
2 31039
2 31085
2 31075
2 31038
2 31116
2 11434
2 31272
2 31199
2 31162
2 31152
2 31298
2 31114
2 4643
2 30815
2 30553
2 31365
2 31384
2 31514
2 11478
2 31461
2 31448
2 31433
2 11467
2 31624
2 31646
2 31664
2 31618
2 11495
2 31766
2 31815
2 31798
2 11542
2 31908
2 31858
2 31750
2 11535
2 30544
2 30537
2 31994
2 2952
2 4669
2 4936
2 2953
2 32195
2 32082
2 31959
2 12430
2 2958
2 12451
2 12449
2 11745
2 11649
2 2965
2 2970
2 12500
2 1608
2 2971
2 2106
2 992
2 12523
2 665
2 12527
2 4977
2 176
2 30367
2 30318
2 4472
2 1609
2 12586
2 12591
2 12598
2 12606
2 12613
2 11612
2 1134
2 12618
2 12631
2 994
2 11753
2 416
2 673
2 12734
2 2129
2 2127
2 12739
2 12753
2 974
2 3029
2 3026
2 1559
2 3033
2 12805
2 3024
2 12929
2 2159
2 2154
2 11782
2 5178
2 5181
2 12981
2 12948
2 517
2 3071
2 12997
2 2166
2 13016
2 2167
2 3078
2 114
2 3079
2 369
2 13076
2 1665
2 5227
2 12986
2 13121
2 13126
2 13153
2 3104
2 5251
2 2183
2 13200
2 13199
2 5259
2 5254
2 2180
2 13249
2 13263
2 808
2 3116
2 422
2 1673
2 5300
2 13224
2 5171
2 1344
2 2976
2 4339
2 9284
2 13598
2 3206
2 1699
2 5556
2 5568
2 2225
2 13776
2 2220
2 269
2 13812
2 13931
2 3243
2 737
2 5675
2 13872
2 5610
2 14105
2 5739
2 3259
2 14114
2 14092
2 3267
2 1388
2 500
2 14198
2 360
2 5774
2 297
2 5793
2 14327
2 14305
2 5871
2 5882
2 14386
2 14443
2 5909
2 907
2 128
2 5808
2 147
2 739
2 718
2 14539
2 112
2 11830
2 819
2 5970
2 5963
2 404
2 2282
2 14829
2 14843
2 14906
2 3348
2 120
2 3354
2 3362
2 15105
2 3376
2 3370
2 6120
2 3386
2 3395
2 15191
2 15298
2 1402
2 15440
2 2314
2 6284
2 822
2 2310
2 15173
2 15117
2 6064
2 11823
2 3263
2 15551
2 15757
2 15804
2 2337
2 15925
2 3470
2 1419
2 15840
2 15951
2 383
2 6439
2 15977
2 3491
2 6474
2 2355
2 15998
2 16133
2 3498
2 1420
2 157
2 3442
2 3434
2 6298
2 903
2 1398
2 1424
2 2378
2 6608
2 16333
2 254
2 3526
2 16257
2 6872
2 6871
2 1208
2 16778
2 4758
2 40
2 16952
2 16956
2 6909
2 1437
2 17024
2 221
2 1049
2 2432
2 17146
2 1441
2 694
2 17066
2 3627
2 32352
2 17291
2 4769
2 17398
2 7086
2 2450
2 4772
2 3668
2 3657
2 298
2 7115
2 7077
2 428
2 17843
2 17857
2 938
2 2469
2 3693
2 93
2 1830
2 18098
2 18120
2 943
2 651
2 7047
2 2440
2 407
2 7408
2 3726
2 18266
2 585
2 18328
2 18380
2 3733
2 18475
2 656
2 18425
2 7568
2 18295
2 3731
2 18684
2 299
2 18837
2 3787
2 7720
2 7680
2 539
2 11688
2 365
2 19512
2 460
2 554
2 19631
2 1070
2 2546
2 2557
2 432
2 1475
2 19867
2 19922
2 700
2 8072
2 19965
2 20041
2 8176
2 20219
2 20260
2 20169
2 8235
2 141
2 463
2 19926
2 8336
2 1237
2 437
2 312
2 20377
2 20314
2 18957
2 18903
2 18679
2 3714
2 3503
2 2588
2 510
2 8604
2 8644
2 8690
2 852
2 21666
2 241
2 2572
2 20767
2 21780
2 21792
2 2632
2 21819
2 8762
2 21868
2 1257
2 8825
2 21899
2 1917
2 22107
2 22029
2 4093
2 22293
2 544
2 513
2 465
2 4122
2 8965
2 4123
2 858
2 4147
2 1935
2 4111
2 1261
2 9071
2 22774
2 22754
2 22206
2 22000
2 8410
2 22892
2 1940
2 22917
2 9109
2 1941
2 22968
2 9166
2 80
2 23178
2 81
2 23197
2 9159
2 777
2 23256
2 23254
2 23282
2 4197
2 23418
2 23374
2 1270
2 9300
2 9327
2 1951
2 4215
2 963
2 277
2 962
2 2693
2 9384
2 23841
2 466
2 2076
2 2705
2 24010
2 24202
2 2709
2 2710
2 9498
2 9554
2 24380
2 9560
2 4278
2 2722
2 9605
2 9625
2 4306
2 9620
2 9642
2 4295
2 9660
2 24733
2 349
2 1969
2 1520
2 2731
2 2734
2 9690
2 12209
2 96
2 4216
2 25022
2 25155
2 4338
2 9761
2 25009
2 24966
2 25201
2 25204
2 25226
2 9807
2 25284
2 1986
2 25213
2 25194
2 4868
2 12237
2 198
2 550
2 25911
2 12248
2 2088
2 4428
2 26055
2 25930
2 4881
2 10235
2 4454
2 26192
2 26745
2 10351
2 12288
2 2781
2 4475
2 26774
2 4358
2 1985
2 25189
2 24955
2 23433
2 4481
2 26809
2 26884
2 4487
2 26991
2 26904
2 10428
2 27178
2 2786
2 27614
2 2019
2 27528
2 27969
2 483
2 28065
2 28201
2 28470
2 2818
2 28747
2 28552
2 971
2 2023
2 10652
2 1110
2 468
2 28881
2 29300
2 29200
2 10993
2 29405
2 29319
2 4578
2 171
2 11164
2 11162
2 4679
2 30011
2 2941
2 30029
2 11200
2 30055
2 27028
2 11211
2 30216
2 30262
2 30229
2 30306
2 11251
2 11248
2 30376
2 30381
2 30409
2 30395
2 11284
2 11329
2 30638
2 106
2 31169
2 31027
2 31511
2 31708
2 31512
2 31913
2 31823
2 11475
2 11345
2 30546
2 32054
2 1320
2 30423
2 30391
2 30291
2 30142
2 990
2 976
2 2051
2 5005
2 12571
2 1130
2 244
2 2122
2 12612
2 616
2 795
2 177
2 5017
2 5050
2 3010
2 444
2 2125
2 58
2 5035
2 12609
2 418
2 415
2 26792
2 5108
2 1640
2 2137
2 12908
2 1642
2 1345
2 5177
2 154
2 3075
2 3085
2 496
2 12911
2 2174
2 375
2 1351
2 1002
2 5239
2 69
2 229
2 36
2 3106
2 1151
2 178
2 895
2 99
2 420
2 551
2 5087
2 4186
2 9078
3 22
3 10
3 6
3 27
3 5
3 198
3 765
3 5524
3 5519
3 5662
3 5723
3 5750
3 5778
3 5789
3 5800
3 738
3 5971
3 5973
3 404
3 6058
3 6057
3 6079
3 689
3 6131
3 6132
3 6158
3 6217
3 2313
3 6256
3 6263
3 6288
3 6157
3 2353
3 6473
3 6504
3 3505
3 6574
3 1787
3 3527
3 6868
3 6913
3 6940
3 6956
3 7038
3 2445
3 7074
3 3645
3 7134
3 6936
3 7179
3 7167
3 7360
3 7407
3 7409
3 7421
3 7456
3 3736
3 7487
3 7489
3 7500
3 2491
3 7428
3 3482
3 3766
3 7567
3 7647
3 7626
3 7685
3 8066
3 8102
3 8132
3 8112
3 8178
3 8189
3 8242
3 8274
3 8318
3 8357
3 8372
3 8383
3 8386
3 3960
3 8370
3 2585
3 1485
3 4055
3 8760
3 8810
3 8815
3 8835
3 8829
3 8812
3 1923
3 8906
3 2636
3 9086
3 2676
3 9148
3 9211
3 9111
3 9258
3 9254
3 9227
3 9296
3 9298
3 9331
3 9350
3 9373
3 4845
3 2688
3 9729
3 1985
3 4346
3 9818
3 10267
3 9310
3 9085
3 10312
3 10390
3 10298
3 11271
3 184
3 217
3 4638
3 2991
3 725
3 5109
3 153
3 496
3 62
3 569
3 2213
3 3181
3 2218
3 13624
3 1693
3 5509
3 13596
3 5532
3 13631
3 13628
3 3200
3 3201
3 13646
3 13648
3 5537
3 13639
3 3207
3 5549
3 2857
3 3209
3 13707
3 5574
3 5576
3 13718
3 899
3 1701
3 5577
3 13700
3 3210
3 13727
3 604
3 901
3 5555
3 5595
3 13759
3 5590
3 5600
3 5597
3 1169
3 5543
3 13658
3 1167
3 13634
3 5606
3 2234
3 1374
3 13816
3 1706
3 1704
3 1705
3 13822
3 5618
3 13841
3 13820
3 5628
3 13845
3 13843
3 13858
3 5632
3 13857
3 13870
3 5639
3 3228
3 5644
3 1707
3 13913
3 5647
3 5659
3 13921
3 5653
3 13881
3 814
3 13933
3 5673
3 2236
3 2239
3 13923
3 13972
3 1380
3 5681
3 3240
3 5688
3 270
3 14005
3 3239
3 5690
3 3246
3 14020
3 14008
3 137
3 5674
3 5696
3 2240
3 5707
3 1717
3 5709
3 14046
3 5705
3 1381
3 2242
3 5721
3 14036
3 5694
3 13922
3 13867
3 5722
3 5731
3 5724
3 5734
3 2244
3 1384
3 5738
3 14096
3 5725
3 5743
3 14147
3 5744
3 14157
3 3264
3 5751
3 5753
3 5752
3 5757
3 5756
3 5755
3 5754
3 5741
3 14167
3 14182
3 1015
3 14189
3 14177
3 14197
3 1390
3 5780
3 5782
3 14205
3 14227
3 5787
3 5784
3 5798
3 5803
3 5786
3 5792
3 14217
3 5770
3 14162
3 3251
3 1391
3 14248
3 3275
3 5809
3 5816
3 905
3 2255
3 5819
3 3280
3 3279
3 2054
3 5974
3 5975
3 11819
3 5977
3 5976
3 2869
3 3277
3 5981
3 5984
3 3335
3 5991
3 5986
3 3338
3 5990
3 3336
3 5992
3 5994
3 5996
3 6000
3 5998
3 5989
3 14750
3 14755
3 14738
3 5980
3 14261
3 6009
3 6014
3 6008
3 14781
3 14790
3 6015
3 4730
3 14819
3 14810
3 14797
3 14793
3 14821
3 3343
3 3344
3 14830
3 6028
3 3347
3 1744
3 3340
3 14785
3 11840
3 14759
3 5807
3 6030
3 14847
3 310
3 638
3 2285
3 6048
3 503
3 6062
3 14894
3 6033
3 14842
3 14918
3 6071
3 6069
3 14917
3 6083
3 3358
3 6075
3 11846
3 6080
3 1748
3 14967
3 14908
3 14995
3 15006
3 6106
3 11853
3 6112
3 6111
3 15024
3 6116
3 15015
3 15028
3 15032
3 1747
3 3369
3 15042
3 15058
3 15007
3 15067
3 6127
3 6124
3 15074
3 3370
3 15066
3 14982
3 14839
3 6137
3 15085
3 6149
3 6143
3 15112
3 11858
3 3378
3 15133
3 11672
3 6148
3 15147
3 6153
3 6152
3 1186
3 15174
3 15169
3 15185
3 6177
3 15195
3 15156
3 15203
3 6181
3 532
3 6183
3 6191
3 15223
3 3388
3 3399
3 15253
3 15260
3 15259
3 15251
3 15155
3 15145
3 15269
3 3403
3 3402
3 330
3 15265
3 15080
3 3274
3 13772
3 3405
3 15312
3 15319
3 15322
3 15328
3 15313
3 6223
3 6224
3 6228
3 6233
3 6234
3 15364
3 15383
3 6239
3 2311
3 15346
3 15399
3 2312
3 15387
3 6226
3 15401
3 15405
3 3418
3 382
3 15433
3 3419
3 15441
3 6244
3 6243
3 15452
3 6266
3 6276
3 6274
3 3423
3 6268
3 15534
3 6287
3 15538
3 15573
3 6299
3 3430
3 3431
3 1035
3 3448
3 15542
3 3429
3 6447
3 15987
3 15498
3 15460
3 6259
3 6450
3 2351
3 16012
3 16013
3 6459
3 692
3 15993
3 16030
3 16018
3 16035
3 6477
3 16054
3 11937
3 3492
3 16071
3 1759
3 16081
3 3496
3 16108
3 16101
3 6497
3 11938
3 4747
3 6461
3 6506
3 2362
3 16122
3 6507
3 3500
3 1783
3 6502
3 11939
3 4748
3 6511
3 6515
3 6518
3 426
3 16150
3 824
3 16184
3 16174
3 16168
3 16163
3 6532
3 6534
3 16185
3 6535
3 4749
3 16204
3 16200
3 16192
3 2364
3 16148
3 16138
3 16109
3 15330
3 6553
3 3512
3 6560
3 11940
3 4752
3 16256
3 2882
3 16242
3 6589
3 6584
3 16271
3 16292
3 1424
3 1785
3 16298
3 6594
3 2373
3 6595
3 6591
3 16264
3 6563
3 16329
3 16341
3 2376
3 16310
3 16359
3 6612
3 2379
3 16360
3 16381
3 3528
3 1427
3 2059
3 1204
3 1435
3 6860
3 83
3 16748
3 4759
3 16767
3 6874
3 3601
3 6873
3 6863
3 6862
3 3603
3 16835
3 16813
3 16850
3 16854
3 2417
3 11678
3 16809
3 16803
3 2422
3 343
3 6900
3 16802
3 11982
3 16868
3 16797
3 6907
3 2424
3 16886
3 2428
3 4699
3 6919
3 3608
3 16914
3 6912
3 16872
3 16871
3 16796
3 16757
3 16922
3 16925
3 16928
3 16916
3 6927
3 6929
3 16967
3 16951
3 16930
3 16975
3 2429
3 16387
3 6611
3 6552
3 17019
3 134
3 16994
3 6960
3 6962
3 17049
3 6973
3 17072
3 3616
3 17068
3 1807
3 17059
3 17042
3 17039
3 6987
3 322
3 6993
3 3620
3 17092
3 6985
3 6958
3 17097
3 2437
3 17111
3 11992
3 7004
3 6998
3 7005
3 7007
3 17122
3 17110
3 7013
3 7018
3 17159
3 7025
3 17189
3 7023
3 17193
3 17192
3 7024
3 7020
3 17216
3 7034
3 17232
3 17237
3 7048
3 3624
3 17168
3 7010
3 7054
3 17275
3 7057
3 7063
3 17277
3 7065
3 7069
3 7062
3 17272
3 17259
3 17308
3 3629
3 17334
3 17312
3 3636
3 3637
3 17345
3 17300
3 7089
3 1820
3 17390
3 4771
3 17385
3 17371
3 7114
3 3644
3 2888
3 17437
3 17402
3 17465
3 7135
3 17447
3 17361
3 17488
3 1819
3 17527
3 7153
3 7143
3 1443
3 7161
3 17496
3 17096
3 17570
3 12010
3 17587
3 1824
3 17598
3 17591
3 7177
3 7183
3 17605
3 17603
3 17613
3 17615
3 17620
3 17611
3 17625
3 17629
3 17638
3 2064
3 7181
3 3655
3 332
3 7361
3 7367
3 18107
3 7379
3 18116
3 3715
3 18112
3 1457
3 18067
3 18125
3 7336
3 18145
3 18144
3 18140
3 7377
3 7384
3 7395
3 7394
3 7391
3 17623
3 7403
3 2483
3 18188
3 18200
3 18194
3 2485
3 7399
3 1840
3 7418
3 18213
3 18214
3 7439
3 7433
3 18225
3 7425
3 18249
3 18205
3 18274
3 7450
3 7453
3 3729
3 7457
3 2488
3 18293
3 7468
3 2490
3 7473
3 7477
3 7476
3 18333
3 7485
3 18344
3 18376
3 7491
3 2494
3 3742
3 18343
3 18285
3 7501
3 7503
3 7496
3 7495
3 18389
3 7416
3 1839
3 17559
3 16988
3 1220
3 18428
3 18448
3 7509
3 18440
3 18438
3 18458
3 18462
3 7518
3 3752
3 7519
3 7514
3 208
3 7529
3 18473
3 18422
3 18477
3 18485
3 18487