# n = 4687
# m = 4997
1 2159
22 2
35 2
10 3
39 1
95 1
27 3
21 2
2237 1
4675 1
147 2
1180 1
818 1
1752 1
1400 1
2306 1
1034 1
70 1
1764 2
129 2
6428 1
6438 1
6437 1
1780 2
364 1
6974 1
7058 1
3643 2
1214 2
3663 1
298 2
1831 1
7257 1
458 1
767 2
542 1
8055 1
4791 1
366 1
1237 2
2598 1
8733 1
853 1
1497 1
1931 1
1932 1
1500 2
4167 1
1501 2
4180 1
4190 1
4215 2
1954 1
1969 2
966 1
4306 2
1530 1
130 1
10634 1
2933 2
4561 1
4602 1
1126 1
4647 1
791 1
2970 2
263 1
56 1
799 1
1140 1
92 1
728 1
730 1
88 1
3075 2
396 1
267 1
3099 1
285 1
525 2
28 1
392 1
173 1
109 1
217 2
146 1
4688 2
3191 2
155 1
1694 1
1693 2
4687 1
2223 1
1696 1
13655 1
5545 1
13691 1
3208 1
2857 2
5562 1
1370 1
13701 1
899 2
5567 1
1371 1
5535 1
3201 2
13712 1
5582 1
13720 1
5574 2
163 2
13741 1
499 1
1702 1
13742 1
5590 2
5599 1
5591 1
13750 1
13775 1
2231 1
13788 1
1373 1
2233 1
269 2
5622 1
5621 1
3223 1
1014 1
636 1
13770 1
3224 2
13853 1
13865 1
13861 1
5633 1
13874 1
3226 2
3232 1
13897 1
3233 1
682 1
1707 2
13908 1
3235 1
5658 1
1711 1
13920 1
1712 1
5664 1
5666 1
237 1
13954 1
13952 1
13957 1
13958 1
2239 3
571 1
5669 1
902 2
13971 1
13960 1
5679 1
1714 1
14014 1
14003 1
3246 2
14032 1
1381 2
5695 1
5697 1
4689 1
1171 2
1382 1
5703 1
14061 1
5713 1
14053 1
5715 1
1719 1
1717 2
2242 2
3251 2
3252 1
5721 2
3247 1
3254 1
903 2
14090 1
3257 1
14100 1
3255 1
1018 1
1720 1
1172 1
14124 1
3260 1
14138 1
14137 1
3264 2
3266 2
14153 1
14150 1
14145 1
5745 1
527 1
1385 1
5729 1
1387 1
14190 1
1015 2
1390 2
14203 1
14224 1
5780 2
2251 1
1723 1
1389 1
739 2
5793 2
11812 1
2254 1
5802 1
1391 2
309 2
297 2
14235 1
378 1
1017 1
5808 2
1724 2
361 1
14284 1
14293 1
2258 1
573 1
5827 2
14281 1
5837 1
5855 1
5854 1
14362 1
4692 1
5850 1
5856 1
4728 1
248 1
14389 1
3298 1
14421 1
5877 1
207 1
170 1
14502 1
2267 1
907 2
1394 1
14527 1
718 2
104 1
67 1
744 1
1026 1
14544 1
3315 1
2269 1
3300 1
3316 2
5889 1
253 1
1022 1
5942 1
5941 1
14634 1
5946 1
1740 1
5944 1
14657 1
59 1
14681 1
1028 1
819 2
3331 1
3329 1
2280 1
3335 2
5982 1
2279 1
14709 1
5985 1
5991 2
3338 2
5993 1
14715 1
5997 1
2282 2
2281 2
1178 1
14690 1
572 1
14262 1
14756 1
2283 1
11839 1
914 2
14742 1
11667 1
13974 1
13899 1
5629 2
6012 1
425 1
6014 2
6018 1
6027 1
14827 1
14826 1
6026 1
1746 1
1183 1
3345 1
3344 2
3350 1
2286 1
6035 1
14855 1
2287 2
2285 2
6037 1
3349 1
310 2
6046 1
3351 2
3353 1
6066 1
6052 1
14919 1
6059 1
6056 1
6076 1
3357 1
14960 1
14959 1
6083 2
1029 1
6084 1
3361 1
11671 1
2853 2
6086 1
531 1
6089 1
1748 2
6077 1
14984 1
14985 1
6038 1
2288 1
1745 1
6097 1
6104 1
14996 1
6107 1
6108 1
1750 1
3368 1
1185 1
15012 1
15020 1
6119 1
6125 1
6123 1
15055 1
15076 1
2299 1
3374 1
689 2
6122 2
6135 1
3373 1
15102 1
15097 1
820 2
1397 1
2301 1
6134 1
6145 1
15136 1
15135 1
3384 1
15154 1
6153 2
3386 2
15146 1
15127 1
15180 1
15190 1
15184 1
15182 1
15209 1
3389 1
3392 1
6184 1
6186 1
3394 1
15241 1
3396 1
3393 1
15194 1
918 1
15261 1
15262 1
15263 1
15257 1
3399 2
6193 1
6190 1
15280 1
3403 2
330 3
6166 1
231 1
200 1
15297 1
6213 2
15303 1
15326 1
748 1
6221 1
6219 1
3410 1
15373 1
2311 2
6225 1
6232 1
1402 2
15329 1
15380 1
3412 1
6237 1
15382 1
15402 1
2312 2
15392 1
15385 1
15415 1
6240 1
6235 1
15438 1
15425 1
15442 1
6258 1
1757 1
3420 2
1756 2
382 2
15473 1
3421 1
271 1
3411 1
639 1
15288 1
2296 1
3363 1
14777 1
185 1
6277 1
15487 1
3424 1
6280 1
15494 1
15512 1
15515 1
1399 1
6283 1
15492 1
15547 1
15558 1
3427 1
6310 1
6308 1
1563 1
1762 2
15672 1
3444 1
3449 1
3450 1
15708 1
6345 1
15712 1
6356 1
2334 1
690 1
6370 1
215 1
286 1
6319 1
15785 1
642 1
2339 1
15806 1
15808 1
15767 1
15818 1
6398 1
6386 1
15879 1
11677 1
15890 1
2345 2
15919 1
11923 1
6418 1
2348 1
1417 2
752 1
15809 1
15975 1
2351 2
15997 1
6446 1
3478 1
157 2
3483 1
3484 1
3480 1
2352 1
6466 1
3489 2
2354 1
2353 2
16067 1
6485 1
2357 1
6472 1
1196 1
2358 1
6494 1
16080 1
6498 1
220 1
16022 1
6499 1
2362 2
3498 2
582 2
16091 1
15522 1
16136 1
6513 1
16142 1
6512 1
16151 1
71 1
2363 1
6521 2
6522 1
16175 1
16179 1
3505 2
16189 1
6534 2
16207 1
16220 1
16210 1
2368 1
16229 1
6553 2
6554 1
6530 1
6564 1
824 2
2365 1
16244 1
2882 2
2058 1
6577 1
6580 1
6585 1
1039 2
16299 1
2371 1
16300 1
1425 1
16289 1
16276 1
1787 2
6601 1
16306 1
16355 1
6615 1
2377 1
16364 1
16354 1
6627 1
1789 1
405 1
1198 1
6623 1
254 2
2415 1
4762 1
6861 1
16738 1
40 2
272 2
3595 2
16762 1
6866 1
3596 1
6864 1
6870 1
3599 1
3597 1
16756 1
2376 2
16782 1
6882 1
6878 1
6888 1
16800 1
6883 1
3602 1
6871 2
3600 1
2418 1
16853 1
1208 2
1049 2
1804 1
343 2
6912 2
2424 2
6902 1
3607 1
16934 1
16932 1
6921 1
3610 2
6919 2
16855 1
3605 1
16969 1
6928 1
648 1
134 3
4764 1
1052 1
3611 1
16941 1
6955 2
17020 1
273 1
6959 1
17037 1
1438 1
17053 1
6967 1
6966 1
1807 2
6976 1
17083 1
6977 1
6989 1
1439 1
830 1
406 2
3620 2
6994 1
6993 2
17100 1
6999 1
6995 1
1810 1
17119 1
3613 1
6889 1
16239 1
344 1
17176 1
17200 1
2439 1
7027 1
17202 1
7029 1
7034 2
7033 1
17257 1
17227 1
7040 1
17268 1
7054 2
7059 2
17285 1
17309 1
3633 1
17323 1
2444 2
386 1
1053 1
7084 1
17220 1
7094 1
7103 2
7107 1
7100 1
7108 1
7112 1
17412 1
7111 1
12003 1
7110 2
1821 1
2447 1
17427 1
17415 1
2449 1
7130 1
7128 1
7121 2
17466 1
17475 1
12005 1
1820 2
17487 1
7139 1
7142 1
17532 1
3650 2
3651 1
17543 1
17547 1
650 1
17548 1
17535 1
3649 1
17483 1
7165 1
17585 1
2454 1
17589 1
17596 1
7172 1
17592 1
1824 2
2063 1
17708 1
762 1
1826 1
17739 1
3668 2
7229 1
17752 1
2458 1
1446 1
7241 2
1825 1
3654 1
7178 1
17773 1
832 1
17819 1
7251 1
17824 1
17916 1
3685 1
2465 1
17945 1
7303 1
873 1
7323 1
17999 1
17956 1
2469 2
3688 1
1448 1
2455 1
18053 1
653 1
18048 1
276 1
942 1
18075 1
12029 1
18082 1
7359 1
18111 1
7371 1
18104 1
764 1
7379 2
18115 1
18121 1
1058 1
4772 2
1814 2
16126 1
18134 1
7387 1
480 1
18131 1
3708 1
7397 1
1839 2
18159 1
3718 2
7411 1
18195 1
3721 1
18224 1
3717 1
1059 1
7436 1
7438 1
3726 2
7437 1
3727 1
18265 1
654 1
7439 2
7429 1
18269 1
7451 1
18290 1
7462 1
18297 1
2492 1
18313 1
2491 2
7471 1
18327 1
18270 1
2493 1
3738 1
7484 1
18358 1
18349 1
7486 1
3739 1
3740 1
2496 1
1845 1
2497 1
18443 1
1461 1
3751 2
944 1
1847 2
7520 1
18480 1
7532 1
18528 1
3758 1
18484 1
656 2
7554 1
1849 2
3761 1
2501 1
18568 1
3764 1
7571 1
18586 1
3766 2
7580 1
7582 1
18595 1
18593 1
1850 1
3771 1
30 1
18653 1
7605 1
7604 1
3768 1
18597 1
18557 1
18664 1
18681 1
3780 1
7624 1
7623 1
3777 1
3776 1
1224 1
18714 1
7633 1
7632 1
7608 1
7640 1
7643 1
7642 1
18739 1
18753 1
7634 1
7660 1
7654 1
7655 2
1063 1
250 2
18811 1
18758 1
223 1
18831 1
7687 1
7697 1
3786 1
18832 1
18855 1
7699 1
2511 2
7707 1
345 1
7706 1
1855 1
18896 1
7726 1
7723 1
7730 1
7725 1
7721 1
18900 1
1854 1
18856 1
7680 2
18968 1
18955 1
2512 1
18945 1
765 2
4702 1
19234 1
19378 1
1067 1
459 1
3857 1
19446 1
3866 1
19146 1
3870 1
8018 1
19519 1
365 2
8026 1
19571 1
3876 2
19558 1
19629 1
8046 1
8061 1
3892 1
4786 1
8072 2
2068 1
19746 1
954 1
8056 2
8050 1
19766 1
19808 1
19812 1
3907 1
8094 1
2895 1
19836 1
1233 1
462 1
3875 1
8107 1
1877 2
1478 1
2564 1
8126 1
8127 1
3914 2
19894 1
19927 1
3913 1
8153 1
19951 1
19963 1
19958 1
3915 1
3919 1
8166 1
3917 1
1479 1
12073 1
20011 1
589 1
8163 1
20036 1
2567 1
20065 1
20069 1
8193 1
20072 1
788 1
8202 1
2897 1
1882 1
8159 1
20129 1
2568 1
8217 1
3928 1
20140 1
20143 1
1884 1
8216 1
8236 1
3930 1
3929 2
8228 1
20100 1
20175 1
1570 1
20213 1
20201 1
8254 1
20218 1
8260 1
8249 1
8264 1
8266 1
4794 1
2570 2
20172 1
1880 1
7522 1
8272 1
20282 1
12082 1
20293 1
20343 1
3939 1
8285 1
20356 1
3943 1
8316 1
20380 1
3940 1
8320 1
8313 1
8299 1
2578 1
8330 1
20449 1
3945 2
20458 1
312 2
8340 1
543 1
845 1
20504 1
20509 1
12085 1
844 1
20427 1
4795 1
12090 1
20570 1
956 1
141 2
3961 1
1482 1
8384 1
20598 1
3962 1
20655 1
20681 1
2584 1
20660 1
8410 2
2587 1
8408 1
20642 1
20722 1
12092 1
20727 1
8431 1
8433 1
20731 1
20774 1
8421 1
591 1
21228 1
1485 2
21244 1
8458 1
12100 1
8420 1
1893 1
8613 1
21288 1
4021 2
21293 1
21309 1
1079 1
2609 1
2905 1
1902 1
511 1
8654 2
2906 1
313 1
2612 1
8674 1
21492 1
21611 1
8710 1
8724 1
1489 1
21676 1
1487 1
1909 1
21451 1
21730 1
1084 1
21774 1
4050 1
8735 1
2628 1
21795 1
21786 1
1492 2
8764 1
21832 1
8768 2
8766 1
21839 1
8779 1
2632 2
8778 1
8775 1
774 1
21850 1
21854 1
1493 1
21869 1
8789 1
21875 1
21883 1
1256 1
2631 2
8803 1
4673 1
8796 1
8419 1
8267 1
775 1
1918 1
4064 1
8808 1
2634 1
1494 1
8813 1
4067 2
8826 1
1085 1
4069 1
8832 1
1257 2
8805 1
8804 1
21901 1
8842 1
22011 1
22013 1
22023 1
22027 1
22035 1
8855 1
8865 1
8872 1
4079 1
22120 1
8878 1
22145 1
22149 1
4081 1
854 1
22142 1
1922 1
22155 1
22184 1
2640 1
8888 1
2638 1
4085 1
8897 1
8893 1
8892 1
12125 1
22207 1
22212 1
8900 1
8882 2
1921 1
7736 1
18337 1
1838 2
919 1
4092 1
22236 1
8913 1
22259 1
12126 1
4819 1
8920 1
1926 1
8926 1
22354 1
2654 1
22359 1
1089 1
389 1
8996 1
8978 1
124 1
4823 1
22541 1
22600 1
22621 1
4131 1
22704 1
4141 1
22703 1
9040 1
1937 1
4145 1
22768 1
22746 1
4147 2
2662 1
2641 1
9068 1
22799 1
4152 1
22801 1
9066 1
9083 1
9082 1
22824 1
4154 1
4155 1
9087 1
22843 1
9097 1
22867 1
4160 1
22886 1
4161 1
22890 1
2671 1
9107 1
22901 1
9113 1
1267 1
9106 1
1940 2
1939 1
22950 1
4826 1
1944 1
22957 1
9135 1
1942 1
961 2
9078 2
9147 1
9154 2
9155 1
9146 1
4166 1
23032 1
9162 1
23026 1
9158 1
23036 1
4169 2
9178 1
4174 1
2675 1
9172 1
9184 1
4828 1
4177 2
23144 1
473 1
9197 1
23099 1
9204 2
9209 1
4181 1
1315 2
23195 1
4182 1
1946 1
23217 1
710 1
4188 1
81 2
1947 1
9203 1
9241 1
9240 1
4189 1
9249 1
23314 1
4191 1
23298 1
9266 1
23317 1
9253 1
23331 1
2681 1
9272 1
23354 1
23338 1
9270 1
260 2
9287 1
9288 1
9286 2
23394 1
4200 1
9285 1
23413 1
1270 2
23431 1
1269 2
23455 1
23465 1
23450 1
9313 1
9311 1
9308 1
281 1
2074 1
9321 1
9318 2
9322 1
4207 1
2685 1
9143 1
23583 1
23654 1
9353 1
23662 1
779 2
2686 1
1092 1
23640 1
23667 1
9345 1
277 2
23536 1
23671 1
9357 1
2687 2
2688 2
9363 1
9366 1
9362 1
1953 1
23713 1
2910 1
1271 2
1948 1
9275 2
409 1
22973 1
9374 1
23765 1
4847 1
23796 1
12182 1
4228 2
23880 1
23767 1
9426 1
9427 1
9417 1
1509 1
2672 2
2699 1
4236 1
711 1
24023 1
24069 1
9467 1
4245 1
9458 1
4253 1
24167 1
24196 1
1272 1
2709 2
9542 1
9546 1
2714 1
24232 1
24411 1
24424 1
12202 1
24520 1
9600 1
24611 1
24619 1
1976 1
24703 1
24669 1
24806 1
9665 1
9678 1
24838 1
482 1
1519 1
9626 1
24608 1
24876 1
9684 1
24859 1
24877 1
596 1
712 1
12184 1
4216 2
4319 1
4320 1
2732 2
1275 2
9703 1
4322 1
24918 1
9697 1
24890 1
9709 1
4863 1
2733 1
24942 1
24944 1
9714 1
24946 1
2734 2
24998 1
9725 1
25003 1
24969 1
9711 1
597 2
9731 1
25035 1
663 1
9727 1
25010 1
4317 1
8901 1
9741 1
2736 1
25091 1
9755 1
25104 1
1982 2
25077 1
25120 1
25122 1
9764 1
4339 2
4336 1
1277 1
9756 1
4335 1
25051 1
25166 1
9782 1
9781 1
9789 1
1522 1
25163 1
25241 1
9798 1
25229 1
9793 2
25290 1
25279 1
2740 1
9814 1
25297 1
25330 1
25326 1
25335 1
9828 1
25319 1
1987 1
25336 1
9835 1
25362 1
9834 1
781 1
863 1
1580 1
1523 2
2742 2
1122 1
25902 1
25988 1
25964 1
10147 1
10150 1
26000 1
4401 1
26094 1
4880 1
288 1
26095 1
26140 1
10181 1
26173 1
26174 1
2924 1
26250 1
26239 1
26194 1
1529 1
26274 1
26462 1
26387 1
4881 2
26473 1
10266 1
26503 1
2009 1
26547 1
26588 1
26537 1
26599 1
10297 1
26536 1
26619 1
26634 1
4466 1
26615 1
26478 1
4435 1
2747 1
26692 1
26704 1
10330 1
10334 2
10338 1
4886 1
10331 1
26714 1
4471 1
26757 1
2926 1
10355 1
1581 1
12239 1
26777 1
2781 2
4473 1
10356 1
25246 1
26790 1
26789 1
4478 1
26816 1
10375 1
4476 2
4481 2
26819 1
10364 1
26795 1
26896 1
26929 1
26914 1
26890 1
10400 1
26994 1
4487 2
26982 1
27011 1
10413 1
26953 1
26931 1
27023 1
27089 1
27108 1
27097 1
27134 1
27126 1
27199 1
27179 1
169 1
27253 1
2785 1
10475 2
10482 1
10500 1
10491 1
27330 1
2014 1
10528 1
4892 1
10421 1
315 1
27659 1
27653 1
10537 1
10585 1
27754 1
4524 2
10613 1
10602 1
4530 1
27889 1
27886 1
28079 1
714 1
28283 1
10694 1
28300 1
28180 1
870 1
2089 1
12311 1
28428 1
28478 1
28582 1
28515 1
4903 1
28715 1
4564 1
28651 1
29131 1
10895 1
10915 1
29230 1
10918 1
2937 1
10934 1
10925 1
29409 1
29493 1
10924 1
2030 1
29587 1
29712 1
29588 1
2091 1
12347 1
30023 1
30027 1
11161 1
4628 1
372 1
29561 1
28735 1
4552 1
2016 1
11183 1
11182 1
30106 1
30112 1
30102 1
30128 1
11223 1
30199 1
11209 1
30133 1
30117 1
227 1
30227 1
11229 1
30260 1
97 1
11230 2
30296 1
30274 1
2839 2
11244 1
4636 1
30264 1
30359 1
30358 1
11250 1
30371 1
30390 1
30398 1
30373 1
2038 1
30370 1
11247 1
30326 1
2036 2
1113 1
11265 1
30204 1
30047 1
27014 1
30456 1
11275 1
11283 1
11281 1
30481 1
11272 1
30447 1
30499 1
30501 1
30618 1
30700 1
30857 1
30682 1
30630 1
30613 1
11402 1
31066 1
4645 1
31109 1
31250 1
2846 1
19 1
11460 1
31687 1
11546 1
4663 1
31771 1
31566 1
31832 1
11552 1
2099 1
12421 1
32120 1
4937 1
4939 1
1128 1
415 2
2954 1
4941 1
12431 1
4945 1
4938 1
210 1
32288 1
151 1
11747 1
441 1
12487 1
12513 1
12489 1
665 2
614 1
2960 1
1610 1
12526 1
176 2
11608 1
12426 1
11292 1
30521 1
2851 1
4995 1
1328 1
615 1
2986 1
12588 1
373 1
1612 1
5010 1
12597 1
994 2
793 1
1614 1
1329 1
726 1
302 1
5016 1
792 1
5008 1
317 1
12607 1
1133 1
1555 1
11285 1
26867 1
9791 1
2118 1
2117 1
794 1
1134 2
2123 1
12646 1
5033 1
12635 1
795 2
12626 1
1135 1
727 1
3002 1
416 2
5041 1
3010 2
284 1
12705 1
673 2
5072 1
5071 1
3019 1
2130 1
11654 1
418 2
5070 1
374 1
58 2
1333 1
5078 1
5077 1
5080 1
12767 1
3024 2
3026 2
5096 1
5092 1
977 1
5103 1
1336 1
5104 1
12781 1
3030 1
2139 1
5112 1
1639 1
2141 1
999 1
1640 2
2153 1
12896 1
2154 2
2155 1
495 1
2151 1
3050 1
1630 1
4323 1
3053 1
11781 1
12919 1
4721 1
12926 1
3061 1
11628 1
517 2
12945 1
3063 1
5176 1
5179 1
1647 1
12978 1
5196 1
131 1
114 2
1149 1
98 1
369 2
3091 1
111 1
1352 2
3098 1
3095 1
2178 1
5235 1
449 1
36 2
1666 1
69 2
161 1
13169 1
5249 1
3106 2
1353 1
398 1
628 1
5260 1
11661 1
13232 1
1670 1
4686 1
13245 1
897 1
257 1
5299 1
5295 1
3113 1
11662 1
1674 1
85 1
3116 2
5302 1
214 1
37 1
11663 1
268 1
34 1
3162 1
633 1
197 1
5185 1
3193 1
3195 1
5534 1
1708 1
100 1
13627 1
5515 1
320 1
296 1
5684 1
737 2
1715 1
684 1
5727 1
685 1
8 1
167 1
112 2
75 1
1737 1
1743 1
1552 1
688 1
424 1
139 1
1184 1
3362 2
917 1
11851 1
916 1
6045 1
363 1
120 2
20 1
740 1
360 2
1713 1
206 1
1753 1
381 1
2307 1
6156 1
6206 1
6253 1
3404 1
1188 1
6269 1
238 1
6284 2
1758 1
1189 1
15497 1
3435 1
692 2
1770 1
1767 1
1779 1
1760 1
16159 1
4696 1
753 1
1422 1
6562 1
755 1
1424 3
2373 2
174 1
436 1
1788 1
6525 1
3492 2
351 1
1803 1
16877 1
221 2
17008 1
311 1
3434 2
15151 1
17262 1
4768 1
7077 2
216 1
17378 1
1055 1
17640 1
7218 1
3656 1
2065 1
3701 1
158 1
125 1
1057 1
7380 1
7363 1
84 1
456 1
1460 1
1843 1
259 1
1222 1
3724 1
3745 1
481 1
208 2
18608 1
4776 1
657 1
1463 1
7566 1
1853 1
86 1
554 2
7676 1
875 1
8095 1
3890 1
8130 1
2069 1
700 2
2563 1
461 1
333 1
4793 1
2571 1
1888 1
8397 1
8333 1
12120 1
4048 1
50 1
3933 1
709 1
8780 2
21915 1
22225 1
388 1
22775 1
9072 1
465 2
22833 1
22827 1
960 1
1259 1
21882 1
1090 1
348 1
80 2
23245 1
23384 1
280 1
4192 1
9191 1
145 1
1917 2
19982 1
18147 1
7090 1
4209 1
9369 1
96 2
983 1
159 1
862 1
4240 1
6 2
103 1
9800 1
225 1
26527 1
26685 1
2011 1
945 1
4510 1
1533 1
60 1
2931 1
10751 1
785 1
5879 1
29287 1
784 1
516 1
4455 1
2921 1
25169 1
30126 1
11199 1
165 1
106 2
1545 1
30103 1
593 1
32287 1
670 1
2101 1
989 1
4971 1
491 1
61 1
2111 1
1131 1
2108 1
1330 1
177 2
1618 1
3004 1
264 1
445 1
417 1
444 2
1627 1
12653 1
256 1
3 822
5017 2
885 1
303 1
12761 1
304 1
5156 1
494 1
729 1
72 1
1141 1
150 1
1345 2
3054 1
337 1
496 3
105 1
110 1
419 1
154 2
13081 1
228 1
1144 1
1668 1
1152 1
53 1
307 1
33 1
420 2
136 1
395 1
211 1
11610 1
9327 2
7017 1
2 2017
18 1
5 2
5592 1
3292 1
1731 1
3306 1
6155 1
2304 1
2327 1
370 1
7078 1
3653 1
3667 1
7226 1
7252 1
1842 1
7526 1
2538 1
8004 1
8101 1
8432 1
8634 1
8898 1
545 1
22857 1
2673 1
720 1
1505 1
9558 1
9593 1
9779 1
4343 1
9813 1
10143 1
10435 1
10529 1
10582 1
10889 1
11295 1
11395 1
4655 1
11543 1
1297 1
725 2
3009 1
5222 1
5506 1
3192 1
2218 2
13622 1
13632 1
3202 1
900 1
3205 1
13682 1
2219 1
402 1
813 1
13603 1
1703 1
1169 2
2230 1
13795 1
3216 1
13779 1
13752 1
13807 1
13840 1
5624 1
3220 1
5616 1
5635 1
13868 1
13811 1
13799 1
1704 2
3231 1
5648 1
3238 1
13910 1
5660 1
2236 2
13947 1
13950 1
13975 1
13983 1
13973 1
13970 1
5661 1
13992 1
3242 1
13988 1
14004 1
13985 1
3227 1
14028 1
14010 1
14041 1
2241 1
3248 1
5704 1
14069 1
14062 1
14083 1
5726 1
14097 1
5735 1
14091 1
14070 1
14129 1
14136 1
14151 1
14133 1
14171 1
2868 1
14176 1
14192 1
3258 1
5760 1
14121 1
3271 1
14221 1
5795 1
11811 1
3276 1
1019 1
5813 1
14287 1
1726 1
3284 1
2259 1
5834 1
1174 1
14320 1
3289 1
14367 1
14350 1
5831 1
14274 1
2256 1
742 1
14477 1
553 1
14491 1
14496 1
14500 1
14480 1
575 1
14257 1
1734 1
14575 1
14570 1
14556 1
687 1
14685 1
3332 1
11824 1
5810 1
14244 1
5981 2
14726 1
3337 1
14727 1
14694 1
14751 1
14737 1
14731 1
14214 1
14766 1
11841 1
1741 1
14789 1
14042 1
6022 1
6016 1
14814 1
6034 1
14841 1
14886 1
14899 1
1396 1
14896 1
6063 1
14904 1
90 1
14913 1
6081 1
14973 1
3366 1
15010 1
14997 1
14962 1
1751 1
15061 1
6115 1
6042 1
15162 1
6159 1
11861 1
1186 2
6162 1
6160 1
6169 1
15202 1
6203 1
15264 1
6195 1
15238 1
15183 1
2309 1
15316 1
15283 1
15130 1
3382 1
5700 1
6227 1
15355 1
15406 1
15419 1
6261 1
6259 2
15491 1
6264 1
15434 1
15378 1
15513 1
15562 1
15593 1
15578 1
3433 1
15607 1
15596 1
1761 1
15537 1
15620 1
15631 1
15608 1
15699 1
15717 1
6367 1
6346 1
2336 1
15760 1
11676 1
15798 1
1413 1
3469 1
535 1
15665 1
15863 1
6416 1
15906 1
580 1
3472 1
11921 1
3475 1
15913 1
15861 1
15525 1
6431 1
11925 1
15985 1
15994 1
16001 1
6459 2
16016 1
16031 1
15996 1
11928 1
15496 1
6475 1
16044 1
3490 1
16056 1
6490 1
16084 1
16051 1
16135 1
6520 1
426 2
454 1
16171 1
3507 1
6541 1
1423 1
16215 1
16197 1
16230 1
16228 1
16245 1
16234 1
16223 1
6526 1
11945 1
16286 1
16324 1
4753 1
6614 1
16357 1
6622 1
16358 1
16384 1
16375 1
3529 1
16370 1
16350 1
6603 1
1786 1
2883 1
16755 1
16735 1
16763 1
16777 1
16771 1
6884 1
16834 1
16822 1
16846 1
16848 1
16799 1
16789 1
16761 1
16889 1
6922 1
6917 1
2423 1
16955 1
16996 1
2431 1
17003 1
16990 1
16945 1
16849 1
17035 1
17077 1
17081 1
17091 1
6991 1
6964 1
1305 1
15337 1
17166 1
1815 1
17170 1
17190 1
17179 1
17175 1
17198 1
17155 1
17207 1
17251 1
1817 1
32331 1
17289 1
17306 1
17338 1
17317 1
3637 2
7055 1
17367 1
17377 1
32373 1
17399 1
17395 1
17370 1
17260 1
17443 1
17446 1
17470 1
17450 1
17479 1
17471 1
17445 1
3647 1
7147 1
3646 1
17509 1
1213 1
7153 2
17526 1
17490 1
17534 1
17533 1
7166 1
17561 1
17584 1
17544 1
17531 1
7176 1
17624 1
7189 1
3658 1
7212 1
1215 1
1056 1
17718 1
7240 1
3673 1
17800 1
17803 1
17820 1
17784 1
1833 1
17887 1
7285 1
3674 1
7204 1
17608 1
17600 1
17922 1
17958 1
1217 1
17973 1
3696 1
17949 1
18050 1
12028 1
3706 1
18080 1
18093 1
18063 1
18105 1
18099 1
607 1
18142 1
18136 1
18160 1
18230 1
18187 1
18119 1
7369 1
7441 1
7449 1
2481 1
3729 2
2488 2
18303 1
18304 1
18301 1
7453 2
18342 1
18335 1
7481 1
18353 1
18404 1
3741 1
18419 1
18414 1
18375 1
7465 1
18426 1
429 1
1064 1
18451 1
7534 1
18479 1
7539 1
18506 1
18505 1
18538 1
7561 1
18574 1
18570 1
655 1
18596 1
1065 1
18602 1
3767 1
7583 1
18540 1
18521 1
3769 1
12040 1
7607 1
18670 1
18648 1
18643 1
18635 1
2505 1
1851 1
18504 1
18421 1
7625 1
18707 1
18721 1
7636 1
18719 1
7638 1
7627 1
18763 1
18757 1
18749 1
7665 1
2510 1
18794 1
3782 1
18733 1
18822 1
18820 1
18806 1
18825 1
7704 1
18864 1
18920 1
18923 1
18918 1
18909 1
18892 1
2513 1
19369 1
19413 1
3858 1
7997 1
8006 1
19455 1
786 1
8019 1
19569 1
19500 1
8037 1
102 1
7745 1
18850 1
3894 1
8091 1
699 1
19822 1
8100 1
19840 1
19834 1
19868 1
3911 1
1881 1
19863 1
19919 1
19908 1
3916 1
8156 1
8147 1
19921 1
8162 1
19972 1
8172 1
11636 1
20026 1
20024 1
19993 1
20030 1
20051 1
20063 1
8183 1
19851 1
8215 1
20113 1
20101 1
20131 1
20163 1
8225 1
20145 1
20167 1
20166 1
20115 1
20196 1
2899 1
20217 1
2569 1
20089 1
20264 1
20289 1
20297 1
20296 1
20311 1
2574 1
20335 1
20368 1
20294 1
20285 1
8200 1
1875 1
18824 1
8302 1
8301 1
8319 1
3941 1
1236 1
20402 1
8321 1
20424 1
8332 1
20407 1
8325 1
20371 1
8328 1
3948 1
20437 1
20486 1
20491 1
20484 1
20492 1
20513 1
20508 1
20529 1
20542 1
8353 1
2582 1
8362 1
20579 1
20572 1
20564 1
20547 1
20543 1
20591 1
3958 1
8374 1
20608 1
20615 1
20634 1
3959 1
20645 1
1892 1
20641 1
20650 1
20622 1
12094 1
8373 1
20495 1
20425 1
8400 1
20661 1
8405 1
20664 1
20690 1
20687 1
20676 1
20694 1
20672 1
20709 1
8413 1
2589 1
8425 1
8426 1
20739 1
20715 1
20746 1
20747 1
3972 1
2596 1
4019 1
21298 1
21280 1
21231 1
21327 1
1901 1
21363 1
4027 1
8665 1
21387 1
21500 1
21507 1
21517 1
21530 1
959 1
2610 1
21564 1
4816 1
21567 1
8704 1
21623 1
1083 1
8693 1
4049 1
21735 1
21740 1
21720 1
168 1
20749 1
8753 1
21754 1
21752 1
2586 1
8763 1
21812 1
21807 1
21806 1
21800 1
21799 1
21827 1
21840 1
21836 1
21863 1
21867 1
21874 1
8792 1
21877 1
21914 1
4061 1
21841 1
21951 1
21943 1
21930 1
21954 1
21996 1
21990 1
8819 1
1495 1
4073 1
4072 1
8840 1
22080 1
1574 1
8858 1
22126 1
21999 1
22137 1
22140 1
22131 1
22144 1
22150 1
22162 1
22156 1
22130 1
20698 1
4084 1
22187 1
4090 1
22213 1
4091 1
4080 1
22292 1
22262 1
4108 1
22369 1
4102 1
1262 1
22405 1
22449 1
856 1
22466 1
22485 1
4120 1
8958 1
22408 1
22544 1
22588 1
22596 1
2666 1
22670 1
9037 1
22702 1
22706 1
9057 1
22764 1
9056 1
22701 1
4140 1
8993 1
1938 1
22811 1
9077 1
22804 1
22828 1
22880 1
22879 1
22777 1
22885 1
22909 1
22908 1
22907 1
22906 1
22905 1
22904 1
22903 1
22916 1
9114 1
9125 1
9123 1
22975 1
22882 1
8945 1
22214 1
8886 1
3963 1
7615 1
23008 1
23010 1
22992 1
2674 1
22988 1
9163 1
9160 1
9168 1
23050 1
23051 1
4171 1
2071 1
4173 1
23067 1
23054 1
9200 1
23120 1
23118 1
23145 1
23152 1
4178 1
4179 1
23138 1
23130 1
23100 1
9214 1
23183 1
23181 1
2679 1
23184 1
23204 1
23207 1
9220 1
23214 1
9232 1
23246 1
23275 1
23292 1
23268 1
9242 1
23248 1
23235 1
23345 1
23336 1
9278 1
9273 1
23330 1
9267 1
23210 1
23376 1
23372 1
9213 1
22985 1
23417 1
4201 1
9294 1
2683 1
23428 1
23454 1
23473 1
2684 1
23470 1
4838 1
23498 1
23483 1
23474 1
23457 1
23524 1
23521 1
23527 1
9320 1
23559 1
23577 1
1950 1
9338 1
9335 1
23568 1
9326 1
23632 1
1943 1
9346 1
23621 1
23672 1
23719 1
9371 1
23741 1
1955 1
23764 1
23782 1
9393 1
4225 1
1506 1
23742 1
23731 1
23921 1
4229 1
23878 1
23948 1
23945 1
2702 1
23992 1
1510 1
24228 1
24209 1
24201 1
24251 1
9535 1
1316 1
4269 1
24295 1
24284 1
9548 1
9552 1
24340 1
24316 1
2712 1
24382 1
24397 1
4282 1
24391 1
24472 1
24486 1
24651 1
24636 1
24617 1
9641 1
24661 1
24477 1
24373 1
24255 1
9656 1
9649 1
24773 1
4307 1
24833 1
24841 1
24834 1
24860 1
24775 1
24871 1
24869 1
9686 1
24886 1
24881 1
2856 1
9699 1
24896 1
9368 1
24921 1
9704 1
24928 1
9705 1
23638 1
24949 1
24938 1
24960 1
24957 1
24956 1
24965 1
24967 1
24983 1
9702 1
24964 1
25002 1
4328 1
24997 1
9730 1
9740 1
9734 1
9747 1
25074 1
25059 1
25086 1
25081 1
25087 1
25093 1
25105 1
25124 1
2737 1
4334 1
25019 1
25138 1
4326 1
24930 1
23426 1
9767 1
25152 1
4342 1
4341 1
9786 1
25222 1
25153 1
25228 1
25224 1
4349 1
9815 1
9823 1
25314 1
25317 1
25345 1
1990 1
4369 1
25454 1
9831 1
25309 1
9796 1
12247 1
25580 1
12253 1
2919 1
4873 1
713 1
25943 1
25969 1
26003 1
10132 1
10124 1
26050 1
2766 1
26067 1
10155 1
26100 1
26086 1
4429 1
26126 1
26166 1
26193 1
26198 1
26272 1
26227 1
26219 1
26211 1
26207 1
26195 1
26363 1
26357 1
10190 1
4447 1
10233 1
2008 1
26287 1
26068 1
26491 1
4457 1
10283 1
26522 1
1283 1
26498 1
4451 1
26565 1
10295 1
10290 1
26563 1
26587 1
26589 1
26609 1
26632 1
26630 1
4465 1
26604 1
26583 1
26657 1
26666 1
26665 1
26690 1
26669 1
26648 1
26582 1
10285 1
1582 1
26715 1
10337 1
26737 1
1531 1
26696 1
10372 1
26813 1
26818 1
10374 1
26814 1
26812 1
26782 1
26821 1
26846 1
26823 1
26850 1
4484 1
26863 1
26861 1
26877 1
26886 1
26879 1
26895 1
10389 1
26847 1
26901 1
26905 1
26927 1
26946 1
26957 1
10410 1
26993 1
26954 1
27004 1
27021 1
27000 1
27091 1
10462 1
27311 1
27235 1
10493 1
10451 1
27358 1
10498 1
27380 1
27406 1
27434 1
27439 1
12300 1
27510 1
27498 1
27425 1
27359 1
27530 1
27592 1
27641 1
27652 1
987 1
10556 1
27346 1
27722 1
27725 1
27737 1
27759 1
10593 1
27821 1
10611 1
1589 1
27898 1
27897 1
27912 1
4535 1
27924 1
27975 1
27986 1
28008 1
10636 1
2806 1
28057 1
28076 1
28083 1
28063 1
28130 1
28118 1
28210 1
10696 1
10713 1
28262 1
28312 1
10720 1
715 1
28330 1
28315 1
28204 1
27868 1
28377 1
28390 1
10732 1
28401 1
10762 1
28427 1
10772 1
28530 1
28512 1
28399 1
28640 1
10796 1
28672 1
28665 1
10781 1
28804 1
28872 1
28849 1
28833 1
10870 1
28999 1
28874 1
29069 1
29065 1
29090 1
29116 1
29123 1
29311 1
29278 1
2936 1
29492 1
29430 1
29523 1
29322 1
4593 1
29277 1
29162 1
29093 1
29010 1
28754 1
28679 1
29559 1
2825 1
29583 1
29616 1
11045 1
12346 1
10984 1
12317 1
27719 1
29984 1
4631 1
30033 1
30022 1
30035 1
29996 1
29989 1
27026 1
26898 1
30042 1
30041 1
30064 1
11193 1
30061 1
30097 1
30093 1
30087 1
30083 1
30054 1
30108 1
30124 1
30130 1
30116 1
30151 1
30155 1
30138 1
11217 1
30158 1
11222 1
30169 1
30184 1
30183 1
11213 1
11198 1
30230 1
30219 1
30246 1
30212 1
30193 1
30255 1
30309 1
11240 1
30311 1
30266 1
30247 1
30037 1
30323 1
30330 1
30363 1
30347 1
30334 1
11255 1
11256 1
30369 1
30404 1
30421 1
30430 1
30426 1
30412 1
11174 1
11267 1
30396 1
30453 1
30460 1
30458 1
30452 1
30448 1
30473 1
11277 1
30487 1
30480 1
30498 1
30494 1
30505 1
30534 1
30504 1
30477 1
30463 1
30374 1
30557 1
30601 1
30752 1
30783 1
30715 1
30699 1
30950 1
31021 1
11407 1
30970 1
31059 1
31039 1
31085 1
31075 1
31038 1
31116 1
11434 1
31272 1
31199 1
31162 1
31152 1
31298 1
31114 1
4643 1
30815 1
30553 1
31365 1
31384 1
31514 1
11478 1
31461 1
31448 1
31433 1
11467 1
31624 1
31646 1
31664 1
31618 1
11495 1
31766 1
31815 1
31798 1
11542 1
31908 1
31858 1
31750 1
11535 1
30544 1
30537 1
31994 1
2952 1
4669 1
4936 1
2953 1
32195 1
32082 1
31959 1
12430 1
2958 1
12451 1
12449 1
11745 1
11649 1
2965 1
12500 1
1608 1
2971 1
2106 1
992 1
12523 1
12527 1
4977 1
30367 1
30318 1
4472 1
1609 1
12586 1
12591 1
12598 1
12606 1
12613 1
11612 1
12618 1
12631 1
11753 1
12734 1
2129 1
2127 1
12739 1
12753 1
974 1
3029 1
1559 1
3033 1
12805 1
12929 1
2159 1
11782 1
5178 1
5181 1
12981 1
12948 1
3071 1
12997 1
2166 1
13016 1
2167 1
3078 1
3079 1
13076 1
1665 1
5227 1
12986 1
13121 1
13126 1
13153 1
3104 1
5251 1
2183 1
13200 1
13199 1
5259 1
5254 1
2180 1
13249 1
13263 1
808 1
422 1
1673 1
5300 1
13224 1
5171 1
1344 1
2976 1
9284 1
13598 1
3206 1
1699 1
5556 1
5568 1
2225 1
13776 1
2220 1
13812 1
13931 1
3243 1
5675 1
13872 1
5610 1
14105 1
5739 1
3259 1
14114 1
14092 1
3267 1
1388 1
500 1
14198 1
5774 1
14327 1
14305 1
5871 1
5882 1
14386 1
14443 1
5909 1
128 1
14539 1
11830 1
5970 1
5963 1
404 2
14829 1
14843 1
14906 1
3348 1
3354 1
15105 1
3376 1
3370 2
6120 1
3395 1
15191 1
15298 1
15440 1
2314 1
822 1
2310 1
15173 1
15117 1
6064 1
11823 1
3263 1
15551 1
15757 1
15804 1
2337 1
15925 1
3470 1
1419 1
15840 1
15951 1
383 1
6439 1
15977 1
3491 1
6474 1
2355 1
15998 1
16133 1
1420 1
3442 1
6298 1
1398 1
2378 1
6608 1
16333 1
3526 1
16257 1
6872 1
16778 1
4758 1
16952 1
16956 1
6909 1
1437 1
17024 1
2432 1
17146 1
1441 1
694 1
17066 1
3627 1
32352 1
17291 1
4769 1
17398 1
7086 1
2450 1
3657 1
7115 1
428 1
17843 1
17857 1
938 1
3693 1
93 1
1830 1
18098 1
18120 1
943 1
651 1
7047 1
2440 1
407 1
7408 1
18266 1
585 1
18328 1
18380 1
3733 1
18475 1
18425 1
7568 1
18295 1
3731 1
18684 1
299 1
18837 1
3787 1
7720 1
539 1
11688 1
19512 1
460 1
19631 1
1070 1
2546 1
2557 1
432 1
1475 1
19867 1
19922 1
19965 1
20041 1
8176 1
20219 1
20260 1
20169 1
8235 1
463 1
19926 1
8336 1
437 1
20377 1
20314 1
18957 1
18903 1
18679 1
3714 1
3503 1
2588 1
510 1
8604 1
8644 1
8690 1
852 1
21666 1
241 1
2572 1
20767 1
21780 1
21792 1
21819 1
8762 1
21868 1
8825 1
21899 1
22107 1
22029 1
4093 1
22293 1
544 1
513 1
4122 1
8965 1
4123 1
858 1
1935 1
4111 1
1261 1
9071 1
22774 1
22754 1
22206 1
22000 1
22892 1
22917 1
9109 1
1941 1
22968 1
9166 1
23178 1
23197 1
9159 1
777 1
23256 1
23254 1
23282 1
4197 1
23418 1
23374 1
9300 1
1951 1
963 1
962 1
2693 1
9384 1
23841 1
466 1
2076 1
2705 1
24010 1
24202 1
2710 1
9498 1
9554 1
24380 1
9560 1
4278 1
2722 1
9605 1
9625 1
9620 1
9642 1
4295 1
9660 1
24733 1
349 1
1520 1
2731 1
9690 1
12209 1
25022 1
25155 1
4338 1
9761 1
25009 1
24966 1
25201 1
25204 1
25226 1
9807 1
25284 1
1986 1
25213 1
25194 1
4868 1
12237 1
198 2
550 1
25911 1
12248 1
2088 1
4428 1
26055 1
25930 1
10235 1
4454 1
26192 1
26745 1
10351 1
12288 1
4475 1
26774 1
4358 1
1985 2
25189 1
24955 1
23433 1
26809 1
26884 1
26991 1
26904 1
10428 1
27178 1
2786 1
27614 1
2019 1
27528 1
27969 1
483 1
28065 1
28201 1
28470 1
2818 1
28747 1
28552 1
971 1
2023 1
10652 1
1110 1
468 1
28881 1
29300 1
29200 1
10993 1
29405 1
29319 1
4578 1
171 1
11164 1
11162 1
4679 1
30011 1
2941 1
30029 1
11200 1
30055 1
27028 1
11211 1
30216 1
30262 1
30229 1
30306 1
11251 1
11248 1
30376 1
30381 1
30409 1
30395 1
11284 1
11329 1
30638 1
31169 1
31027 1
31511 1
31708 1
31512 1
31913 1
31823 1
11475 1
11345 1
30546 1
32054 1
1320 1
30423 1
30391 1
30291 1
30142 1
990 1
976 1
2051 1
5005 1
12571 1
1130 1
244 1
2122 1
12612 1
616 1
5050 1
2125 1
5035 1
12609 1
26792 1
5108 1
2137 1
12908 1
1642 1
5177 1
3085 1
12911 1
2174 1
375 1
1351 1
1002 1
5239 1
229 1
1151 1
178 1
895 1
99 1
551 1
5087 1
4186 1
5524 1
5519 1
5662 1
5723 1
5750 1
5778 1
5789 1
5800 1
738 1
5971 1
5973 1
6058 1
6057 1
6079 1
6131 1
6132 1
6158 1
6217 1
2313 1
6256 1
6263 1
6288 1
6157 1
6473 1
6504 1
6574 1
3527 1
6868 1
6913 1
6940 1
6956 1
7038 1
2445 1
7074 1
3645 1
7134 1
6936 1
7179 1
7167 1
7360 1
7407 1
7409 1
7421 1
7456 1
3736 1
7487 1
7489 1
7500 1
7428 1
3482 1
7567 1
7647 1
7626 1
7685 1
8066 1
8102 1
8132 1
8112 1
8178 1
8189 1
8242 1
8274 1
8318 1
8357 1
8372 1
8383 1
8386 1
3960 1
8370 1
2585 1
4055 1
8760 1
8810 1
8815 1
8835 1
8829 1
8812 1
1923 1
8906 1
2636 1
9086 1
2676 1
9148 1
9211 1
9111 1
9258 1
9254 1
9227 1
9296 1
9298 1
9331 1
9350 1
9373 1
4845 1
9729 1
4346 1
9818 1
10267 1
9310 1
9085 1
10312 1
10390 1
10298 1
11271 1
184 1
4638 1
2991 1
5109 1
153 1
62 1
569 1
2213 1
3181 1
13624 1
5509 1
13596 1
5532 1
13631 1
13628 1
3200 1
13646 1
13648 1
5537 1
13639 1
3207 1
5549 1
3209 1
13707 1
5576 1
13718 1
1701 1
5577 1
13700 1
3210 1
13727 1
604 1
901 1
5555 1
5595 1
13759 1
5600 1
5597 1
5543 1
13658 1
1167 1
13634 1
5606 1
2234 1
1374 1
13816 1
1706 1
1705 1
13822 1
5618 1
13841 1
13820 1
5628 1
13845 1
13843 1
13858 1
5632 1
13857 1
13870 1
5639 1
3228 1
5644 1
13913 1
5647 1
5659 1
13921 1
5653 1
13881 1
814 1
13933 1
5673 1
13923 1
13972 1
1380 1
5681 1
3240 1
5688 1
270 1
14005 1
3239 1
5690 1
14020 1
14008 1
137 1
5674 1
5696 1
2240 1
5707 1
5709 1
14046 1
5705 1
14036 1
5694 1
13922 1
13867 1
5722 1
5731 1
5724 1
5734 1
2244 1
1384 1
5738 1
14096 1
5725 1
5743 1
14147 1
5744 1
14157 1
5751 1
5753 1
5752 1
5757 1
5756 1
5755 1
5754 1
5741 1
14167 1
14182 1
14189 1
14177 1
14197 1
5782 1
14205 1
14227 1
5787 1
5784 1
5798 1
5803 1
5786 1
5792 1
14217 1
5770 1
14162 1
14248 1
3275 1
5809 1
5816 1
905 1
2255 1
5819 1
3280 1
3279 1
2054 1
5974 1
5975 1
11819 1
5977 1
5976 1
2869 1
3277 1
5984 1
5986 1
5990 1
3336 1
5992 1
5994 1
5996 1
6000 1
5998 1
5989 1
14750 1
14755 1
14738 1
5980 1
14261 1
6009 1
6008 1
14781 1
14790 1
6015 1
4730 1
14819 1
14810 1
14797 1
14793 1
14821 1
3343 1
14830 1
6028 1
3347 1
1744 1
3340 1
14785 1
11840 1
14759 1
5807 1
6030 1
14847 1
638 1
6048 1
503 1
6062 1
14894 1
6033 1
14842 1
14918 1
6071 1
6069 1
14917 1
3358 1
6075 1
11846 1
6080 1
14967 1
14908 1
14995 1
15006 1
6106 1
11853 1
6112 1
6111 1
15024 1
6116 1
15015 1
15028 1
15032 1
1747 1
3369 1
15042 1
15058 1
15007 1
15067 1
6127 1
6124 1
15074 1
15066 1
14982 1
14839 1
6137 1
15085 1
6149 1
6143 1
15112 1
11858 1
3378 1
15133 1
11672 1
6148 1
15147 1
6152 1
15174 1
15169 1
15185 1
6177 1
15195 1
15156 1
15203 1
6181 1
532 1
6183 1
6191 1
15223 1
3388 1
15253 1
15260 1
15259 1
15251 1
15155 1
15145 1
15269 1
3402 1
15265 1
15080 1
3274 1
13772 1
3405 1
15312 1
15319 1
15322 1
15328 1
15313 1
6223 1
6224 1
6228 1
6233 1
6234 1
15364 1
15383 1
6239 1
15346 1
15399 1
15387 1
6226 1
15401 1
15405 1
3418 1
15433 1
3419 1
15441 1
6244 1
6243 1
15452 1
6266 1
6276 1
6274 1
3423 1
6268 1
15534 1
6287 1
15538 1
15573 1
6299 1
3430 1
3431 1
1035 1
3448 1
15542 1
3429 1
6447 1
15987 1
15498 1
15460 1
6450 1
16012 1
16013 1
15993 1
16030 1
16018 1
16035 1
6477 1
16054 1
11937 1
16071 1
1759 1
16081 1
3496 1
16108 1
16101 1
6497 1
11938 1
4747 1
6461 1
6506 1
16122 1
6507 1
3500 1
1783 1
6502 1
11939 1
4748 1
6511 1
6515 1
6518 1
16150 1
16184 1
16174 1
16168 1
16163 1
6532 1
16185 1
6535 1
4749 1
16204 1
16200 1
16192 1
2364 1
16148 1
16138 1
16109 1
15330 1
3512 1
6560 1
11940 1
4752 1
16256 1
16242 1
6589 1
6584 1
16271 1
16292 1
1785 1
16298 1
6594 1
6595 1
6591 1
16264 1
6563 1
16329 1
16341 1
16310 1
16359 1
6612 1
2379 1
16360 1
16381 1
3528 1
1427 1
2059 1
1204 1
1435 1
6860 1
83 1
16748 1
4759 1
16767 1
6874 1
3601 1
6873 1
6863 1
6862 1
3603 1
16835 1
16813 1
16850 1
16854 1
2417 1
11678 1
16809 1
16803 1
2422 1
6900 1
16802 1
11982 1
16868 1
16797 1
6907 1
16886 1
2428 1
4699 1
3608 1
16914 1
16872 1
16871 1
16796 1
16757 1
16922 1
16925 1
16928 1
16916 1
6927 1
6929 1
16967 1
16951 1
16930 1
16975 1
2429 1
16387 1
6611 1
6552 1
17019 1
16994 1
6960 1
6962 1
17049 1
6973 1
17072 1
3616 1
17068 1
17059 1
17042 1
17039 1
6987 1
322 1
17092 1
6985 1
6958 1
17097 1
2437 1
17111 1
11992 1
7004 1
6998 1
7005 1
7007 1
17122 1
17110 1
7013 1
7018 1
17159 1
7025 1
17189 1
7023 1
17193 1
17192 1
7024 1
7020 1
17216 1
17232 1
17237 1
7048 1
3624 1
17168 1
7010 1
17275 1
7057 1
7063 1
17277 1
7065 1
7069 1
7062 1
17272 1
17259 1
17308 1
3629 1
17334 1
17312 1
3636 1
17345 1
17300 1
7089 1
17390 1
4771 1
17385 1
17371 1
7114 1
3644 1
2888 1
17437 1
17402 1
17465 1
7135 1
17447 1
17361 1
17488 1
1819 1
17527 1
7143 1
1443 1
7161 1
17496 1
17096 1
17570 1
12010 1
17587 1
17598 1
17591 1
7177 1
7183 1
17605 1
17603 1
17613 1
17615 1
17620 1
17611 1
17625 1
17629 1
17638 1
2064 1
7181 1
3655 1
332 1
7361 1
7367 1
18107 1
18116 1
3715 1
18112 1
1457 1
18067 1
18125 1
7336 1
18145 1
18144 1
18140 1
7377 1
7384 1
7395 1
7394 1
7391 1
17623 1
7403 1
2483 1
18188 1
18200 1
18194 1
2485 1
7399 1
1840 1
7418 1
18213 1
18214 1
7433 1
18225 1
7425 1
18249 1
18205 1
18274 1
7450 1
7457 1
18293 1
7468 1
2490 1
7473 1
7477 1
7476 1
18333 1
7485 1
18344 1
18376 1
7491 1
2494 1
3742 1
18343 1
18285 1
7501 1
7503 1
7496 1
7495 1
18389 1
7416 1
17559 1
16988 1
1220 1
18428 1
18448 1
7509 1
18440 1
18438 1
18458 1
18462 1
7518 1
3752 1
7519 1
7514 1
7529 1
18473 1
18422 1
18477 1
18485 1
18487 1
